9.168770836885918873e-01
9.731106923770835859e-01
8.977581325289104575e-01
9.166179310584379181e-01
9.818116686797863091e-01
9.783620414542067989e-01
8.545178098500170183e-01
9.876048217462073397e-01
9.354547887957842534e-01
9.381391936916231300e-01
9.703430993391836124e-01
9.667895612627379620e-01
8.302344064786527644e-01
8.430546514974063266e-01
7.816004475019702191e-01
9.461989910015813354e-01
9.130107133492008087e-01
9.245283961277940277e-01
8.979320463394460106e-01
8.843107012611420847e-01
9.305160382783271844e-01
8.702888498969840736e-01
8.984979561716861518e-01
9.477331664371155817e-01
8.923933327573366769e-01
8.618316823925997738e-01
9.494586077399601587e-01
8.961854594960647624e-01
8.547354061348626519e-01
9.306590229037967621e-01
9.214601957819401612e-01
9.412933167446178029e-01
9.062546912477593697e-01
8.823480141834936230e-01
