9.023638961268192205e-01
9.790019227412978253e-01
8.693907630355363070e-01
9.248129552196102665e-01
9.719637911223133475e-01
9.671487997193498609e-01
8.192169177361307009e-01
9.849340402523636406e-01
9.667748193965518544e-01
9.329917797843360061e-01
9.686509755329510973e-01
9.589871743762973244e-01
8.766894058387771915e-01
8.990065232464039546e-01
8.285247653215773722e-01
9.414744699400892092e-01
8.983125757670211708e-01
9.325712825279723894e-01
9.024077318698378036e-01
8.942136502449209434e-01
9.231844126273430762e-01
8.528351969320731030e-01
8.283614215122556690e-01
9.590354543900705409e-01
9.183699853288479487e-01
9.124396663123900408e-01
9.361917373758258387e-01
8.611370604165120568e-01
8.531790519417119523e-01
9.361077892214917373e-01
8.962850754681704890e-01
9.240631088330081289e-01
9.150375915726688403e-01
9.035891193501408569e-01
