-1.895345311286105172e+00,-1.933597807405113667e+00,-1.964083647655922249e+00,-1.984218463532637422e+00,-1.991082922790867737e+00,-1.981540772236339620e+00,-1.952446285198119913e+00,-1.900950140980393499e+00,-1.824890313734512493e+00,-1.723221254264843960e+00,-1.596398682067862840e+00,-1.446614892926102680e+00,-1.277789350063976759e+00,-1.095270605595456193e+00,-9.052863527025774015e-01,-7.142561170712740104e-01,-5.281197296890878246e-01,-3.518175822415920972e-01,-1.889984318359407833e-01,-4.195864959721840037e-02
-7.420333866114836585e-01,-7.292198842714114893e-01,-7.122917632630338947e-01,-6.907310760725127174e-01,-6.640172652168239154e-01,-6.316503528073025286e-01,-5.931811830274575925e-01,-5.482485526210409965e-01,-4.966219648952459043e-01,-4.382472845307541220e-01,-3.732909083655189253e-01,-3.021765232972024595e-01,-2.256075752167601145e-01,-1.445687646060251907e-01,-6.030163519073217238e-02,2.574730480498055307e-02,1.120029660183636810e-01,1.968549319689639754e-01,2.787564004011551244e-01,3.563162835510317317e-01
-1.413510292028630211e+00,-1.464476121538975661e+00,-1.506309287689655552e+00,-1.536187730845994359e+00,-1.551310736467576668e+00,-1.549182816396838192e+00,-1.527940442997811399e+00,-1.486664991944794068e+00,-1.425609620325107851e+00,-1.346273886449842916e+00,-1.251291928993747860e+00,-1.144149139804709225e+00,-1.028788984701269449e+00,-9.091963632193371669e-01,-7.890384319692018700e-01,-6.714148800818151575e-01,-5.587328003848028857e-01,-4.526910899398790544e-01,-3.543429351617000123e-01,-2.642019294522035544e-01
-1.277125668919927737e+00,-1.234121931061475497e+00,-1.182074079744593220e+00,-1.120229667359749826e+00,-1.048096967808050284e+00,-9.655806668119295555e-01,-8.731217059010056847e-01,-7.718158186137582533e-01,-6.634775424780143815e-01,-5.506161588058964274e-01,-4.363016207462286911e-01,-3.239226744025260896e-01,-2.168700502897500382e-01,-1.182030735054599990e-01,-3.036639055365042417e-02,4.499012390820156249e-02,1.070651349219159387e-01,1.558434012500444776e-01,1.919512658452929843e-01,2.164730643768369989e-01
-1.356060465727553233e+00,-1.306140397633757999e+00,-1.242665970375357531e+00,-1.164848883673376800e+00,-1.072378847508397293e+00,-9.655648791497555283e-01,-8.454427440166893959e-01,-7.138201132501442725e-01,-5.732361390048021921e-01,-4.268257754883828525e-01,-2.780990091497996808e-01,-1.306654921870360475e-01,1.205120916702429046e-02,1.470636014215346288e-01,2.719987283195329786e-01,3.851878031443937145e-01,4.856694373112611096e-01,5.731239492399339275e-01,6.477636510134618941e-01,7.102041070180615812e-01
-9.763524272361332468e-01,-9.609068742055715262e-01,-9.428578871733637179e-01,-9.222665289884937057e-01,-8.993382464019739064e-01,-8.744367778753943110e-01,-8.480798843091990058e-01,-8.209130510068169961e-01,-7.936619799791881924e-01,-7.670702423390467484e-01,-7.418328564400507030e-01,-7.185379265881641775e-01,-6.976261736419839821e-01,-6.793731963875007107e-01,-6.638936601352662947e-01,-6.511622893982516036e-01,-6.410445667814463899e-01,-6.333303025486793914e-01,-6.277649164865415354e-01,-6.240754086601225659e-01
-3.280249077323859730e+00,-3.153538786046933495e+00,-2.997637248805200549e+00,-2.813433192190581078e+00,-2.603248960589704453e+00,-2.370828549668821061e+00,-2.121155150664432387e+00,-1.860109296724312689e+00,-1.594014328453901896e+00,-1.329141285112805271e+00,-1.071251683207238514e+00,-8.252425727855010607e-01,-5.949301162372264695e-01,-3.829762012678712413e-01,-1.909368676059528536e-01,-1.939680212943972748e-02,1.318489366280721775e-01,2.635995965256217044e-01,3.770641291573709752e-01,4.737017391245890163e-01
-1.344921825819298533e-01,-1.261341449721786745e-01,-1.165449354443932606e-01,-1.056289355763164739e-01,-9.329953154091508161e-02,-7.948499396721575572e-02,-6.413540061275835313e-02,-4.723038685928560021e-02,-2.878730992223621499e-02,-8.869182818342258301e-03,1.240849399401500186e-02,3.487305048029643029e-02,5.829321848186985733e-02,8.238193452850850473e-02,1.068039998752117192e-01,1.311886519088510950e-01,1.551463815508186128e-01,1.782886002866023167e-01,2.002481895841843329e-01,2.206987102084905228e-01
-9.532424383498274700e-01,-9.808183509857766325e-01,-1.007150918902276704e+00,-1.031816419505880766e+00,-1.054336836680365153e+00,-1.074181668225592912e+00,-1.090772993372243427e+00,-1.103494608595425142e+00,-1.111705955143778901e+00,-1.114761336811468162e+00,-1.112034528855166737e+00,-1.102948296379114179e+00,-1.087007597086087518e+00,-1.063834413447377614e+00,-1.033201373006145563e+00,-9.950607468131216216e-01,-9.495652505848630742e-01,-8.970774569126935827e-01,-8.381656084095376880e-01,-7.735851108642883833e-01
2.977737711901045081e-01,2.454724866761021085e-01,1.992821853552129152e-01,1.630059238422242318e-01,1.400122815409732269e-01,1.324732077276854492e-01,1.408210637683192656e-01,1.636690755843567269e-01,1.982243020465936922e-01,2.409900601095184003e-01,2.884677843934381203e-01,3.376507246586325506e-01,3.862515039503252590e-01,4.327165934927265090e-01,4.761189382155646133e-01,5.160071836772966991e-01,5.522597822950281454e-01,5.849655058588723033e-01,6.143350321164265937e-01,6.406401295015533570e-01
-1.982588394922906172e-01,-2.332957129506685323e-01,-2.692258323935992070e-01,-3.058045774260851335e-01,-3.427244878563941999e-01,-3.796112842754140182e-01,-4.160226632519350431e-01,-4.514509369750232537e-01,-4.853305521598796357e-01,-5.170513095361173317e-01,-5.459776712426975820e-01,-5.714738812773072496e-01,-5.929337814039192800e-01,-6.098132967930840476e-01,-6.216627680216020302e-01,-6.281558225922680982e-01,-6.291114853630894732e-01,-6.245068071662014386e-01,-6.144783914204456909e-01,-5.993126259214609508e-01
-6.755974227500813889e-01,-6.892482762325040646e-01,-6.917884843673578477e-01,-6.817223539766947837e-01,-6.579804040549450672e-01,-6.200914325713000608e-01,-5.683064691823751513e-01,-5.036419715073954251e-01,-4.278239439705382452e-01,-3.431370598111964654e-01,-2.522057746301313852e-01,-1.577493246518495429e-01,-6.235437776470842408e-02,3.170122857039692210e-02,1.225572400784401550e-01,2.088126966878345314e-01,2.895129921323850164e-01,3.641000321736937995e-01,4.323430793903538794e-01,4.942644159537348258e-01
4.356847597175881326e-01,4.260169730678028399e-01,4.150227943109970896e-01,4.026417948875861130e-01,3.888362556664479719e-01,3.735981928182813272e-01,3.569563924494193463e-01,3.389827800175374550e-01,3.197972936545787626e-01,2.995703558581401804e-01,2.785220971098288922e-01,2.569177156001293261e-01,2.350587643923737202e-01,2.132706983585983540e-01,1.918875956350702960e-01,1.712354669180673472e-01,1.516158569121506261e-01,1.332914441003714145e-01,1.164750485096440746e-01,1.013229308821878005e-01
-2.436880020484864851e+00,-2.510715091883951811e+00,-2.575320318280090781e+00,-2.627376526042806582e+00,-2.663229254651555244e+00,-2.679070256120859472e+00,-2.671211999990131147e+00,-2.636447111676834876e+00,-2.572458966841218331e+00,-2.478221394422936541e+00,-2.354305160865922453e+00,-2.203009000573290077e+00,-2.028260959062549329e+00,-1.835287666808724794e+00,-1.630107918905007391e+00,-1.418949946233493353e+00,-1.207702747876757243e+00,-1.001489541842120357e+00,-8.044087120163432303e-01,-6.194429991832954840e-01
-5.094967404087558105e-01,-5.487399074369743168e-01,-5.902890736312778053e-01,-6.338569419486308476e-01,-6.789640679591020245e-01,-7.248912620195822054e-01,-7.706369308831608755e-01,-8.148908748909720057e-01,-8.560402097787374043e-01,-8.922249238605557409e-01,-9.214570775728780916e-01,-9.418060324053825205e-01,-9.516322147576636858e-01,-9.498287712955133522e-01,-9.360143714741588905e-01,-9.106225636253295619e-01,-8.748577267346620001e-01,-8.305266503159280944e-01,-7.797907424044188129e-01,-7.249008921853279386e-01
-7.469399073749614093e-01,-8.138231266092150751e-01,-8.805769163732946048e-01,-9.461509133340308964e-01,-1.009306008993219095e+00,-1.068633325625784281e+00,-1.122593990806867836e+00,-1.169582164187767948e+00,-1.208010722793335656e+00,-1.236414792227805926e+00,-1.253563610034275744e+00,-1.258567206847596154e+00,-1.250962492120591296e+00,-1.230764639471933375e+00,-1.198474430600376284e+00,-1.155039526231732339e+00,-1.101775615358796756e+00,-1.040259887472040123e+00,-9.722126553954668626e-01,-8.993827154795486223e-01
-1.330692071858415204e+00,-1.445799587930051366e+00,-1.572259967464999075e+00,-1.709959776850726421e+00,-1.857753879658701202e+00,-2.012828910306072139e+00,-2.169871235466225734e+00,-2.320147407605179346e+00,-2.450823205755929379e+00,-2.545157222348939818e+00,-2.584416135811985704e+00,-2.552029981002828407e+00,-2.439229134010744371e+00,-2.249636055486455177e+00,-1.999765559680062754e+00,-1.714503429451487815e+00,-1.419961103571452110e+00,-1.137455131922064933e+00,-8.807772753727343140e-01,-6.564977977595016778e-01
-1.345485963896536852e+00,-1.388420417940227303e+00,-1.431337532690660108e+00,-1.473803897179007283e+00,-1.515296865503182655e+00,-1.555197990660674545e+00,-1.592789707842170888e+00,-1.627256907432309774e+00,-1.657695247594082932e+00,-1.683128085528330153e+00,-1.702533639617272332e+00,-1.714883316610682495e+00,-1.719190972226126934e+00,-1.714571233832899555e+00,-1.700303057233843340e+00,-1.675892744870606688e+00,-1.641129195166145305e+00,-1.596123701851746013e+00,-1.541327573479883029e+00,-1.477523284141774695e+00
-1.274715221517497721e+00,-1.310725570157301068e+00,-1.344883814154570256e+00,-1.376549539412004197e+00,-1.404994115342142358e+00,-1.429402825468174765e+00,-1.448882666239004635e+00,-1.462477414090427974e+00,-1.469191443272260589e+00,-1.468023367171349847e+00,-1.458009789721279592e+00,-1.438278250737848651e+00,-1.408106875388968948e+00,-1.366986464642902632e+00,-1.314679103556792850e+00,-1.251266242963852804e+00,-1.177179073690937994e+00,-1.093205183938915859e+00,-1.000468015327287574e+00,-9.003791827002973758e-01
1.802600736962742811e-01,1.562654397579975596e-01,1.301131754087826442e-01,1.016501868111063800e-01,7.073143134558257383e-02,3.722796738178923981e-02,1.037422651964825526e-03,-3.790281370846604325e-02,-7.959952390897750973e-02,-1.239848505281897495e-01,-1.708953238155008769e-01,-2.200499508624742528e-01,-2.710294099261143508e-01,-3.232593119415148042e-01,-3.760013347302233466e-01,-4.283565213986701981e-01,-4.792848018837976287e-01,-5.276435000162589262e-01,-5.722450604136923857e-01,-6.119306686265217898e-01
-1.188886997851166250e-01,-1.366458030909063481e-01,-1.571782589608134995e-01,-1.807921510405372523e-01,-2.077687237693319755e-01,-2.383306679010082085e-01,-2.725964499813218200e-01,-3.105231668479602192e-01,-3.518418943239860486e-01,-3.959946822933733124e-01,-4.420884166452816455e-01,-4.888854827670121583e-01,-5.348509137555270687e-01,-5.782669008873508876e-01,-6.174074745275512921e-01,-6.507437563935183356e-01,-6.771336162374526069e-01,-6.959489590786445135e-01,-7.071118697396978625e-01,-7.110395124199189176e-01
-9.928697331591767039e-01,-9.614026184083910298e-01,-9.203841849546494647e-01,-8.693193278034780924e-01,-8.080127609126033228e-01,-7.366414210852900712e-01,-6.558059086303089646e-01,-5.665486166327697859e-01,-4.703294519641842975e-01,-3.689563486458422581e-01,-2.644759432168546365e-01,-1.590376923449996482e-01,-5.475000533009821702e-02,4.645198418881968383e-02,1.429107609920996502e-01,2.333131683155305058e-01,3.167173880274698483e-01,3.925445341947754185e-01,4.605434324213527608e-01,5.207387109138105208e-01
-1.945230564807951534e+00,-1.928887289221146606e+00,-1.889806787643469654e+00,-1.826205738199795814e+00,-1.737501729252936222e+00,-1.624579656262401528e+00,-1.489879966009898915e+00,-1.337259693632266266e+00,-1.171633512208605232e+00,-9.984625759351950514e-01,-8.231984728492987013e-01,-6.507922786438704588e-01,-4.853470276152815899e-01,-3.299433925519548172e-01,-1.866237287031606851e-01,-5.649216157027781016e-02,6.011951164247586465e-02,1.634639556334590571e-01,2.541992651496302047e-01,3.332359923718374306e-01
-6.250238056037429324e-01,-6.494769172752008490e-01,-6.720231710420698779e-01,-6.917388634543994996e-01,-7.075506021153568081e-01,-7.182662818232146140e-01,-7.226357487629497811e-01,-7.194452846492540576e-01,-7.076435170766428584e-01,-6.864864772507450752e-01,-6.556784429678994552e-01,-6.154772754168800208e-01,-5.667333589742216127e-01,-5.108430120192266610e-01,-4.496182722731050241e-01,-3.850977402123243465e-01,-3.193382426600595014e-01,-2.542285094384977295e-01,-1.913546691573149161e-01,-1.319295536884312892e-01
-2.335985140655256753e+00,-2.302677114500577105e+00,-2.256762285012956504e+00,-2.197489656734048058e+00,-2.124382531504097837e+00,-2.037307967400766362e+00,-1.936533991848836678e+00,-1.822765964370805403e+00,-1.697154546451130397e+00,-1.561270424784547473e+00,-1.417045001261848292e+00,-1.266681020538853897e+00,-1.112541563518004484e+00,-9.570289790204984381e-01,-8.024664421115759172e-01,-6.509937316633491733e-01,-5.044858971072068154e-01,-3.644995291235797463e-01,-2.322472848569654413e-01,-1.085979229121325496e-01
4.459506947106638419e-01,3.954509935052408220e-01,3.507336529810667347e-01,3.199136844567458393e-01,3.113963600693328004e-01,3.302030902101433796e-01,3.748162772935377252e-01,4.374419778863151143e-01,5.077231430615996022e-01,5.768085160391361876e-01,6.392588459659163114e-01,6.928226121721989816e-01,7.373361773197256719e-01,7.736814201879731456e-01,8.031041307378434801e-01,8.268569992928698209e-01,8.460487599390871249e-01,8.616020042758332220e-01,8.742601466703742163e-01,8.846123900493760850e-01
-1.099172550025739881e+00,-1.071682736470264352e+00,-1.030805506268988925e+00,-9.759941406350516324e-01,-9.072636910417060108e-01,-8.252738753434873953e-01,-7.313500574304185875e-01,-6.274292073785283641e-01,-5.159319506777264586e-01,-3.995775483702985742e-01,-2.811708328824045200e-01,-1.633947300443334694e-01,-4.863791507758841171e-02,6.112347231042114526e-02,1.643841808656333336e-01,2.601138106602356448e-01,3.477192031858402643e-01,4.269806990110366351e-01,4.979766400364297185e-01,5.610073196778662119e-01
-4.327565716130008511e-01,-4.136871668114792122e-01,-3.945225158743290717e-01,-3.755303683815738314e-01,-3.570529669902744452e-01,-3.395161228640062312e-01,-3.234349697555989334e-01,-3.094137556199831884e-01,-2.981364469869189904e-01,-2.903447382114334729e-01,-2.868006670234699573e-01,-2.882328432627434545e-01,-2.952685100475993529e-01,-3.083580039677629170e-01,-3.277026683441801591e-01,-3.532002288420099667e-01,-3.844212509303388536e-01,-4.206255712213871067e-01,-4.608192475463155358e-01,-5.038431460997783162e-01
-1.651689495185215240e+00,-1.592360414038223482e+00,-1.515593653930548346e+00,-1.421515106739699608e+00,-1.311260537752914512e+00,-1.187019284869530455e+00,-1.051931801210083339e+00,-9.098406263724287957e-01,-7.649330036024712953e-01,-6.213430187967030616e-01,-4.827894774072147843e-01,-3.523102098174311081e-01,-2.321223788541213473e-01,-1.236052120328381410e-01,-2.737768253455397094e-02,5.656641058495248675e-02,1.287015896077904342e-01,1.898188395026895181e-01,2.408947726856607296e-01,2.829885565499334898e-01
-7.416649586365211544e-01,-7.701379239365913065e-01,-7.979831710143501233e-01,-8.247109906525986744e-01,-8.497425684510599986e-01,-8.724110244388838531e-01,-8.919697608886696383e-01,-9.076103881356338832e-01,-9.184921095074949360e-01,-9.237834371839408476e-01,-9.227153778827859032e-01,-9.146428507809036823e-01,-8.991084371092010752e-01,-8.759002659091075227e-01,-8.450947451953305656e-01,-8.070756811469099734e-01,-7.625243559040280061e-01,-7.123798979887743243e-01,-6.577746199430480889e-01,-5.999534337737739698e-01
-5.466052496312199249e-01,-6.006886108234372745e-01,-6.356667449413508919e-01,-6.472409860200494247e-01,-6.328914674543031360e-01,-5.925469661401616683e-01,-5.287199409242198112e-01,-4.460253257405975003e-01,-3.502614611102075060e-01,-2.473873120007872295e-01,-1.427017375700962987e-01,-4.037589972162236585e-02,5.667276736149429173e-02,1.466694719925061285e-01,2.287542701584220906e-01,3.027293696534373302e-01,3.688338960498842578e-01,4.275667622634558018e-01,4.795590626104498932e-01,5.254884985059404823e-01
1.015553193424375555e-01,1.063501226376484254e-01,1.230251353772808809e-01,1.512391279398518362e-01,1.895929510393862261e-01,2.358519211244629599e-01,2.873307408495253679e-01,3.413155100190738978e-01,3.954058418278649789e-01,4.477150892284208483e-01,4.969284855680013990e-01,5.422579595577532441e-01,5.833424361882061371e-01,6.201334351483933638e-01,6.527903943058823710e-01,6.815965390064551155e-01,7.068971763299012334e-01,7.290577224321285188e-01,7.484371725073966086e-01,7.653727426468430739e-01
-3.283037563354985089e+00,-3.297380313963371279e+00,-3.290960299944723388e+00,-3.261490961016963119e+00,-3.207313315586127089e+00,-3.127618466508099715e+00,-3.022619266057458454e+00,-2.893635607659576614e+00,-2.743068585082843125e+00,-2.574257770545168356e+00,-2.391238405458623095e+00,-2.198434718659592946e+00,-2.000336019128811760e+00,-1.801201075901376569e+00,-1.604825175073826493e+00,-1.414387728840043934e+00,-1.232381742500858746e+00,-1.060613833758378810e+00,-9.002565690126580478e-01,-7.519332850674564916e-01
-2.379855254568865153e+00,-2.364980801642133645e+00,-2.329957701702964901e+00,-2.272562961737194964e+00,-2.191226648614239547e+00,-2.085309839054824366e+00,-1.955334601312546994e+00,-1.803111812627770760e+00,-1.631722403453679249e+00,-1.445333701644434310e+00,-1.248869104073908609e+00,-1.047584434524936992e+00,-8.466252419423920816e-01,-6.506386940282737896e-01,-4.634934714884200169e-01,-2.881304546687275536e-01,-1.265374015903713012e-01,2.017954080891093405e-02,1.516630615112359859e-01,2.681446091936622311e-01
-3.817127626604324142e-01,-3.963696609171709628e-01,-4.094152302571809621e-01,-4.203424436733318448e-01,-4.286007017331370239e-01,-4.336174449629255356e-01,-4.348293772588707196e-01,-4.317226769676338893e-01,-4.238795550032465886e-01,-4.110262270560576248e-01,-3.930754081375575915e-01,-3.701555981322703914e-01,-3.426203816388722068e-01,-3.110339068786025507e-01,-2.761330946674860343e-01,-2.387717563539322185e-01,-1.998552498868395588e-01,-1.602755501328598786e-01,-1.208554525429914595e-01,-8.230770527437658579e-02
-5.184486256812965710e-01,-5.658915165242297540e-01,-6.000587431155066653e-01,-6.187010097574217049e-01,-6.203765752976913017e-01,-6.046798238276898108e-01,-5.723199323622958357e-01,-5.250254153869453599e-01,-4.652992922390386532e-01,-3.960884138225082562e-01,-3.204438621101108886e-01,-2.412361899746360283e-01,-1.609606344887788421e-01,-8.163773566088505795e-02,-4.793925629796191856e-03,6.850258531212005675e-02,1.375752725111420993e-01,2.020616523045429824e-01,2.618375103328655085e-01,3.169501400539654901e-01
-7.440376262559547094e-01,-7.874801089706711110e-01,-8.283707622581371055e-01,-8.656919944671044309e-01,-8.983384731646297805e-01,-9.251572363369842122e-01,-9.450033793093002288e-01,-9.568094158335640476e-01,-9.596634243433652678e-01,-9.528880644934150101e-01,-9.361103172728542088e-01,-9.093112544763672922e-01,-8.728468840747425350e-01,-8.274351264722816790e-01,-7.741094657707443538e-01,-7.141454223657091038e-01,-6.489702360334328457e-01,-5.800680043356083448e-01,-5.088917572523803390e-01,-4.367911226253871071e-01
-3.066676973936552919e-01,-3.765120592427890767e-01,-4.483318402554645754e-01,-5.201626162654546803e-01,-5.892967110038509482e-01,-6.522968940388909065e-01,-7.051729462344697996e-01,-7.437677181826121142e-01,-7.643410985215264297e-01,-7.642478314862866107e-01,-7.425189692646863016e-01,-7.001395710239650683e-01,-6.399042316041787526e-01,-5.658930556066077422e-01,-4.827513241721401727e-01,-3.949978588853211292e-01,-3.065251986949235619e-01,-2.203472567531274962e-01,-1.385611430375501829e-01,-6.244836836882372566e-02
-7.491997257923994624e-01,-8.242923470548673137e-01,-8.846263917851717729e-01,-9.218492758211767057e-01,-9.274024277436561103e-01,-8.944205340016238015e-01,-8.199558160122244477e-01,-7.065755626566869729e-01,-5.623595700526953234e-01,-3.990690935872871492e-01,-2.293027905423390411e-01,-6.392535221893380637e-02,8.936004161648514188e-02,2.262108437522766247e-01,3.450527514511423366e-01,4.462112637361231871e-01,5.311088055599046953e-01,6.016666090431624925e-01,6.599204393001043556e-01,7.078045966394318489e-01
-3.963301922680940059e+00,-3.992877018322755767e+00,-4.000651490916405706e+00,-3.982149346750202490e+00,-3.932979749249255086e+00,-3.849230169814872760e+00,-3.727944759120044971e+00,-3.567633785808603797e+00,-3.368727308082586802e+00,-3.133867062152503102e+00,-2.867939577359931214e+00,-2.577798072393548967e+00,-2.271692745526742829e+00,-1.958504767990031592e+00,-1.646929040736614169e+00,-1.344755143427601940e+00,-1.058356212515792816e+00,-7.924316173999315094e-01,-5.499871978576822418e-01,-3.324952799100144851e-01
6.217611496743535859e-02,-5.583208215269808150e-03,-7.826078799379621032e-02,-1.550743050228486908e-01,-2.347036018825523485e-01,-3.151917905081884630e-01,-3.939042706636326496e-01,-4.675923879746906042e-01,-5.326032401091018720e-01,-5.852483328730180290e-01,-6.222905972376033823e-01,-6.414483368894832171e-01,-6.417786520512576143e-01,-6.238217994716113157e-01,-5.894631715613969369e-01,-5.415655324520309843e-01,-4.834912087922598189e-01,-4.186437886381291218e-01,-3.501199337852367588e-01,-2.805049926632263713e-01
-3.839533264719165118e+00,-3.779429007538026575e+00,-3.700418979550573972e+00,-3.600909536112136600e+00,-3.479657682902645099e+00,-3.335924983472926542e+00,-3.169630956727348625e+00,-2.981486689129626555e+00,-2.773086107057014971e+00,-2.546932877256266270e+00,-2.306386524396662363e+00,-2.055522118520685559e+00,-1.798912087980212959e+00,-1.541353066700542840e+00,-1.287571277093267685e+00,-1.041943693134553595e+00,-8.082681035961605254e-01,-5.896046474281171346e-01,-3.881976659858239476e-01,-2.054735206465099218e-01
-3.781812534307517737e+00,-3.716356924702495235e+00,-3.638689045882588680e+00,-3.547858270903995859e+00,-3.443022175402002283e+00,-3.323505696971590595e+00,-3.188867524053447866e+00,-3.038970352237927663e+00,-2.874049888950177767e+00,-2.694775802477078042e+00,-2.502296576460893096e+00,-2.298259895666792563e+00,-2.084801170125146541e+00,-1.864495340624251707e+00,-1.640271108094825792e+00,-1.415291684900122249e+00,-1.192811190702167234e+00,-9.760198345313366719e-01,-7.678930780512089882e-01,-5.710595275224119582e-01
-2.264201337180768991e-01,-2.546379991364406958e-01,-2.813265020230482083e-01,-3.059417577416012612e-01,-3.278911403649338308e-01,-3.465482098814463008e-01,-3.612740462151788901e-01,-3.714448805922627717e-01,-3.764850234023755515e-01,-3.759030383430654876e-01,-3.693280795837681207e-01,-3.565425346664581330e-01,-3.375068591686369857e-01,-3.123729416558489458e-01,-2.814835392207379883e-01,-2.453571129057716682e-01,-2.046594219198043518e-01,-1.601650660424762673e-01,-1.127133991227251553e-01,-6.316364071115754264e-02
4.087570889265951246e-01,3.815974343107375599e-01,3.541533809499113339e-01,3.271218993005902131e-01,3.013365553062898883e-01,2.777230024107738560e-01,2.572269917637339809e-01,2.407213867884763214e-01,2.289068744522659848e-01,2.222265496555009268e-01,2.208139835400964035e-01,2.244867959773714228e-01,2.327856799490064521e-01,2.450472077273200266e-01,2.604920965266892541e-01,2.783105966557509747e-01,2.977317780275104964e-01,3.180705830796767275e-01,3.387527438088431264e-01,3.593215699974451338e-01
-4.385887946008293348e-01,-4.694315128232786627e-01,-4.921227019849674367e-01,-5.050741198052846048e-01,-5.069527545936212132e-01,-4.968413197187744323e-01,-4.743736089090591079e-01,-4.398151118057056497e-01,-3.940674724602282186e-01,-3.385914158946470298e-01,-2.752616322446213015e-01,-2.061820556290490103e-01,-1.334959371181079213e-01,-5.922109614868453775e-02,1.487022752047506557e-02,8.732049557337184797e-02,1.570093138600071603e-01,2.231399457126382879e-01,2.852026542884026350e-01,3.429264933899782708e-01
-1.670937385352755822e+00,-1.830141732163380830e+00,-1.994556084661067707e+00,-2.153291563869190295e+00,-2.287706294300626109e+00,-2.370031466282057409e+00,-2.365847356852435190e+00,-2.243806858849969554e+00,-1.992006238133358309e+00,-1.631220229263229626e+00,-1.211355113469114286e+00,-7.905031175889860595e-01,-4.129245325740662498e-01,-1.002894494222834609e-01,1.444312861078405064e-01,3.287175824267645208e-01,4.637524260189331837e-01,5.606244807105198458e-01,6.287720319404386249e-01,6.756494492679019359e-01
-1.444490411101235772e-01,-9.739698461216983461e-02,-3.555401748681208396e-02,3.746321109049521869e-02,1.169782498476474863e-01,1.981637362386844403e-01,2.768447411868525387e-01,3.499687777165082503e-01,4.157070350014959725e-01,4.732925309536986092e-01,5.227399835240518211e-01,5.645594921502194996e-01,5.995226778693215630e-01,6.284975195948565574e-01,6.523448987234683472e-01,6.718616060346220831e-01,6.877545265748031822e-01,7.006338759530069682e-01,7.110170058499660772e-01,7.193373365613608961e-01
1.924946810910762585e-01,2.267554597803116412e-01,2.636640734719739587e-01,3.019683739604500650e-01,3.403482353045682585e-01,3.775609601221425748e-01,4.125616631697717196e-01,4.445771760069013867e-01,4.731279810379954709e-01,4.980066782827933247e-01,5.192289369993757786e-01,5.369734533990242475e-01,5.515235910275306797e-01,5.632181210651979741e-01,5.724138844881718757e-01,5.794601156259533425e-01,5.846825749165283082e-01,5.883751299440704852e-01,5.907965434220766587e-01,5.921706253040613932e-01
-6.528854194793045629e-01,-6.982329433098077853e-01,-7.396870659750751642e-01,-7.756251498641160147e-01,-8.043081972761192411e-01,-8.239899915143478193e-01,-8.330623621792101474e-01,-8.302230897344033966e-01,-8.146423055702309846e-01,-7.860961266846087092e-01,-7.450368897985948369e-01,-6.925797646967928323e-01,-6.304037110103850594e-01,-5.605847519507956012e-01,-4.853941483782227007e-01,-4.070984196219786799e-01,-3.277920447988242891e-01,-2.492809558610054044e-01,-1.730210064151307403e-01,-1.001047533554308977e-01
