-8.856944636502657175e-01,-8.993280332677402455e-01,-9.104541368789909050e-01,-9.185551709226229544e-01,-9.231381641778109159e-01,-9.237702209494353944e-01,-9.201160718542813477e-01,-9.119731603683678411e-01,-8.992990016648141349e-01,-8.822259167642210187e-01,-8.610598231735020480e-01,-8.362623155303938738e-01,-8.084181837701138740e-01,-7.781930032239841033e-01,-7.462868269460816162e-01,-7.133900279805100997e-01,-6.801461426358870188e-01,-6.471246498289788818e-01,-6.148045800025350172e-01,-5.835681581901139836e-01
-3.915443473845755307e+00,-3.944872264165486975e+00,-3.964606738462185476e+00,-3.972993458919839682e+00,-3.968312193549012434e+00,-3.948828103452826532e+00,-3.912860355860461326e+00,-3.858866615599819916e+00,-3.785540677418055111e+00,-3.691917821534865141e+00,-3.577479643035264445e+00,-3.442247668247344627e+00,-3.286853715190622083e+00,-3.112575351064047702e+00,-2.921327374864750581e+00,-2.715604965101670931e+00,-2.498380344979569845e+00,-2.272961369502738194e+00,-2.042825928238669153e+00,-1.811449255857934038e+00
-2.317798373924639943e+00,-2.306802188718457547e+00,-2.288552548690268029e+00,-2.261846642108628291e+00,-2.225408615097801412e+00,-2.177932793347650886e+00,-2.118148004377250704e+00,-2.044905560236313757e+00,-1.957290762382829730e+00,-1.854753353034042096e+00,-1.737246275336016943e+00,-1.605355261623631957e+00,-1.460395919856461777e+00,-1.304452675217476099e+00,-1.140337703778234957e+00,-9.714591495049942349e-01,-8.016051485352155836e-01,-6.346692062736232209e-01,-4.743571793641583323e-01,-3.239211489116546883e-01
-1.368151972853592024e+00,-1.412342043164538818e+00,-1.439313100699873615e+00,-1.446753563889008110e+00,-1.433192379593124066e+00,-1.398226383314534971e+00,-1.342623162492337929e+00,-1.268269258052579396e+00,-1.177970117978902387e+00,-1.075143763285721477e+00,-9.634714575801683889e-01,-8.465695244917323947e-01,-7.277298636983628999e-01,-6.097518741707013135e-01,-4.948651542445199336e-01,-3.847266094204306874e-01,-2.804688692140779871e-01,-1.827773100800973438e-01,-9.197742030842226413e-02,-8.119985525600892373e-03
-1.364545302717055097e+00,-1.407814203404750497e+00,-1.451311992915649718e+00,-1.494739434238783637e+00,-1.537740017135499127e+00,-1.579895668812795417e+00,-1.620723846162121173e+00,-1.659676685226313175e+00,-1.696142980041332571e+00,-1.729453813720842170e+00,-1.758892638170886258e+00,-1.783710460596145353e+00,-1.803146513640914606e+00,-1.816454343022359197e+00,-1.822932647934325967e+00,-1.821959497558255148e+00,-1.813027806854479174e+00,-1.795779311217047258e+00,-1.770033879606126348e+00,-1.735810986903167041e+00
-3.253410435547040791e+00,-3.299875793500417487e+00,-3.311260524715827991e+00,-3.281069156665025410e+00,-3.204427932853215921e+00,-3.079087333854536368e+00,-2.906190883067344632e+00,-2.690546989910935327e+00,-2.440249037870946935e+00,-2.165687712583050484e+00,-1.878199714705726553e+00,-1.588698356368470233e+00,-1.306591763982414722e+00,-1.039152890764826864e+00,-7.913452532558549191e-01,-5.659971352861925542e-01,-3.641770752908388697e-01,-1.856388109916167206e-01,-2.924500753442194068e-02,1.066779644967893459e-01
-4.519699449638205913e+00,-4.477446759570873347e+00,-4.427506520553574632e+00,-4.369510225085175392e+00,-4.303134614606327624e+00,-4.228113510288621590e+00,-4.144249937379068882e+00,-4.051428119385181326e+00,-3.949624839225519324e+00,-3.838919602725656688e+00,-3.719503005211960200e+00,-3.591682703686217337e+00,-3.455886442573445017e+00,-3.312661674466827577e+00,-3.162671458193052842e+00,-3.006686498957009235e+00,-2.845573407692691514e+00,-2.680279482480806497e+00,-2.511814534069424454e+00,-2.341230469244957479e+00
-1.165244483088028193e+00,-1.152621673929999258e+00,-1.127599807113592423e+00,-1.089181963887436932e+00,-1.036891550132468698e+00,-9.709094547740371173e-01,-8.921520997905638684e-01,-8.022641811404995771e-01,-7.035156452969542062e-01,-5.986141736409966718e-01,-4.904648495419767773e-01,-3.819202183068899359e-01,-2.755627188398619420e-01,-1.735490619044035565e-01,-7.752831130404014282e-02,1.137120859264006967e-02,9.250204781454618441e-02,1.656248306186886010e-01,2.308212082147919064e-01,2.884068489108327915e-01
-1.250355379405788447e+00,-1.252569351627885297e+00,-1.248054642056354080e+00,-1.236133756618846391e+00,-1.216230893546872416e+00,-1.187915370718224395e+00,-1.150943349255415082e+00,-1.105293355199119976e+00,-1.051190908540875046e+00,-9.891181428931388186e-01,-9.198056978248301263e-01,-8.442062433226371621e-01,-7.634514014197661957e-01,-6.787960837288447014e-01,-5.915558887143854694e-01,-5.030438686378375657e-01,-4.145125952386410351e-01,-3.271061916363084965e-01,-2.418252043013073838e-01,-1.595052748025274081e-01
-6.652119329711960738e-01,-7.022407760490427808e-01,-7.299131251022228373e-01,-7.462829331628020313e-01,-7.498459827577526049e-01,-7.397637051822330001e-01,-7.160142260206301401e-01,-6.794281707801803627e-01,-6.315951119230795996e-01,-5.746618727074204180e-01,-5.110713856389463849e-01,-4.432997952938797503e-01,-3.736392427787740278e-01,-3.040521722305709051e-01,-2.361005594103633420e-01,-1.709375778737545204e-01,-1.093421283701816460e-01,-5.177670143813828396e-02,1.546924473413424650e-03,5.060442931134434552e-02
1.933224455141870912e-01,2.599110233789646562e-01,3.355418756184400664e-01,4.151856389758835642e-01,4.935216193050133704e-01,5.660268307788568487e-01,6.296620123682707959e-01,6.830073126866400557e-01,7.259818755505452748e-01,7.593905726399350353e-01,7.844920141135682812e-01,8.026794030599553320e-01,8.152859368134447449e-01,8.234884706172731494e-01,8.282753018657467159e-01,8.304498664191197754e-01,8.306512908431749054e-01,8.293805512974246064e-01,8.270263624083535881e-01,8.238881761547107718e-01
-1.087755217979097910e+00,-1.130634625320464881e+00,-1.171744748854886442e+00,-1.210648468057080152e+00,-1.246908487621249062e+00,-1.280099158999245201e+00,-1.309819106957297752e+00,-1.335704024066126649e+00,-1.357438903587142143e+00,-1.374768950089463093e+00,-1.387508449107978326e+00,-1.395546994314928568e+00,-1.398852653870917173e+00,-1.397471887144670522e+00,-1.391526271574756279e+00,-1.381206336924923228e+00,-1.366763002782699576e+00,-1.348497254129120027e+00,-1.326748758423139218e+00,-1.301884125903260081e+00
-8.625969193497222687e-01,-9.960987933536622485e-01,-1.142058831826574750e+00,-1.295679341055988587e+00,-1.447525493638171401e+00,-1.582395947842426320e+00,-1.679984368451410415e+00,-1.718934958448018691e+00,-1.684312259842674298e+00,-1.575002902947665984e+00,-1.405576716192375120e+00,-1.200582107830413747e+00,-9.853710109527238359e-01,-7.793031520255269129e-01,-5.936614810704161638e-01,-4.329303626804004157e-01,-2.971870765136008785e-01,-1.842150758432183899e-01,-9.091713746288565545e-02,-1.410452882699253507e-02
-1.828130281026222548e+00,-1.939558965353232356e+00,-2.042655296433577572e+00,-2.131786110809311019e+00,-2.200393504742212958e+00,-2.241439663504747326e+00,-2.248166367856909265e+00,-2.215120081462185198e+00,-2.139259674297821601e+00,-2.020844389435504151e+00,-1.863779473480897675e+00,-1.675231957616942324e+00,-1.464582007676895614e+00,-1.242016321644713539e+00,-1.017166486567548933e+00,-7.981116678133024500e-01,-5.908776255160537172e-01,-3.993858919938808594e-01,-2.257080835274158925e-01,-7.046570854981237808e-02
-2.002370707663164939e+00,-2.041413250794092082e+00,-2.046329218177409537e+00,-2.008765643215677521e+00,-1.922440259334336599e+00,-1.784988901127037231e+00,-1.599369730650623378e+00,-1.374128042975102826e+00,-1.122184330113431106e+00,-8.584692227245971363e-01,-5.972627644280965598e-01,-3.501328726712094053e-01,-1.249445361758807493e-01,7.411587583514878119e-02,2.458725031244157755e-01,3.912583488769729723e-01,5.124666263064729943e-01,6.122890911261078539e-01,6.936652813870840539e-01,7.594108579445562057e-01
-4.048108955645965956e-01,-4.244953307253200858e-01,-4.401521691485819066e-01,-4.507309874016551809e-01,-4.551854182272467852e-01,-4.525598696641646157e-01,-4.420916540434458586e-01,-4.233152671286866120e-01,-3.961502721191374476e-01,-3.609528930099787924e-01,-3.185159640625778721e-01,-2.700121433721269781e-01,-2.168883926967195563e-01,-1.607310542685227439e-01,-1.031263397443256125e-01,-4.553919051074850621e-02,1.077411909120729039e-02,6.481408563780766130e-02,1.158498400145353546e-01,1.634031880817304883e-01
5.204570368170928774e-01,5.144789043718855925e-01,5.090114243232745084e-01,5.042299110775938509e-01,5.003175516799802658e-01,4.974553038599668353e-01,4.958093187942663738e-01,4.955169664612100178e-01,4.966731513952726829e-01,4.993189891818919923e-01,5.034348744689927102e-01,5.089394147081558462e-01,5.156947082857262776e-01,5.235172644477329440e-01,5.321928369484587584e-01,5.414928641549250354e-01,5.511901984882160432e-01,5.610722913366541498e-01,5.709507603888783756e-01,5.806670562304769856e-01
