	level_0	Symbols	ID	ctr_1	ctr_2	ctr_3	ctr_4	ctr_7	ctr_8	ctr_9	ctr_10	ctr_11	ctr_14	ctr_21	Mg_1	Mg_2	Mg_3	Mg_4	Mg_7	Mg_8	Mg_9	Mg_10	Mg_11	Mg_14	Mg_21	Sites	Effect
0	0	AHNAK	AHNAK	9.607990858547176	9.630438045736888	9.63138288234131	9.506883691128907	9.291879223914698	9.211814430456819	8.737860274630073	8.969960768437314	9.313128713845193	8.292034435994736	9.244845909032437	9.563243701140397	9.502959418949363	9.593496515899368	9.607347776768414	9.297257006590092	8.938524728540319	9.367635419790512	9.30362797638389	9.341414738501829	8.948026428227154	8.820411657073096		
1	1	FN1	FN1	7.957070671419109	8.158302169228023	8.47894147175799	8.587003397918764	8.455210427775805	8.785550485980252	8.68617134326864	9.711984283898866	9.757563033018078	10.02812371512884	9.895278862521364	8.124145425061654	7.902666343312217	8.331791586614997	8.580890777913336	8.82966392702455	8.256140226634534	8.835804677678755	9.312959735882105	9.432632622254582	9.830992624810913	10.291967923324126		
2	2	SPTAN1	SPTAN1	8.856082101490554	8.919219345920554	8.978203349906158	8.941531308357247	8.945675342803852	8.317687340486183	8.070850253427574	8.695709271209079	8.85681948478892	8.61021286497437	8.801465453658704	8.929357609223818	8.912615241917932	8.93408921368824	8.920024137138212	8.710531990314783	8.218272853571447	8.836153149829169	8.81209075930469	8.846726688804013	8.643195972076743	8.816744922078563		
3	3	SPTBN1	SPTBN1	8.908747660798833	8.892550928862525	8.8913757518336	8.734527810487702	8.723160021304269	8.372175286115064	7.663069279064948	8.792965699470697	8.769857148354559	8.38298906196446	8.741899737679178	8.879692122941993	8.885796427354729	8.831120786316248	8.872639848283026	8.7695471699538	7.955115046806369	8.617713089863427	8.826340483713551	8.801328233644005	8.670857888189309	8.755478476365674		
4	4	MAP1B	MAP1B	8.878349422217775	8.915072539886541	8.918732612398285	8.95161432972651	8.731798207375975	8.456168581667628	8.170496405744847	8.380536840488748	8.627365856592732	7.836804991956014	8.711773496120912	8.875038100401646	8.8965758168188	8.965319316323017	8.903697574054833	8.628256066711007	8.352163215705444	8.748374113339935	8.746330553658598	8.721274627271088	8.50194885967128	8.555795528080129		
5	5	FASN	FASN	8.573660511558021	8.429881419010764	8.461123196639614	8.538372624990156	8.545554507234066	8.803825699793988	8.328114460158389	8.581426233724123	8.401193684630025	7.774451269157471	8.219322508419337	8.54197841169702	8.598921759818635	8.48404345874591	8.665102346822575	8.76531829621988	8.381042842771908	8.546480969539267	8.500057998579122	8.515144994764821	8.39266178629079	8.075327934163258		
6	6	MYH10	MYH10	8.279507247601757	8.220735530213101	8.111363344325131	8.119552797667117	8.335959106148248	8.135736743509474	7.516773278301586	8.36150118846166	8.521674080333172	8.90188858828864	8.682217302298147	8.339650157613685	8.22970743346007	8.101781431327968	8.090645957573315	8.14050804303818	7.462742301833842	8.377269815439007	8.685392371625692	8.752209837016578	8.71563570812853	9.012795058145413		
7	7	UGGT1	UGGT1	8.098851307028005	8.187971701647397	8.098436045340364	8.150817819901667	7.93822442463749	8.01363761245353	7.0600175425316	8.63572495453114	8.208710019906402	8.638768712897848	8.48251628660637	7.942974832427472	8.002382074932761	8.138839312414321	8.121756758487816	8.237468333249568	7.467312062980552	7.733686674334263	8.127914294371593	8.131618664349126	8.333003684755699	8.764422735649093		
8	8	COL1A1	COL1A1	8.091526272631091	8.069779060881514	8.433737840519429	8.588002641121356	8.203929937244627	8.718252500097751	7.847430749978361	8.81985967127508	8.599184146987167	8.706333658648298	8.754424789277259	8.073718350346123	7.511696239973098	8.35328133954529	8.67909159706871	7.913151312999839	8.726327767799114	8.768874790118874	9.134113329842323	8.929832585743263	8.75947142364275	8.70898995436434		
9	9	COPA	COPA	8.37489491856698	8.399552586605935	8.270748690228748	8.184350674046957	8.099404372345543	8.458275156139177	7.919778677123267	8.254354692053166	7.82540015020634	7.270399307397509	8.146283113159587	8.450818553829668	8.408307818523753	8.414488672236953	8.348168516025162	8.28515207852509	8.195733648273212	8.146562113157557	8.254137030885468	8.079651477073845	8.322674031751424	7.263801707916311		
10	10	MAP4	MAP4	8.473048805088538	8.462173304706791	8.564737060271412	8.548008398738203	8.57055461430783	8.550582983999497	8.252221753598688	8.175424829790321	8.471233018649645	7.502577321658626	8.312325482315131	8.42646246149016	8.353088764833949	8.36475730657121	8.482816435838172	8.507896332029873	8.424326168309296	8.731266349075492	8.450664723252153	8.641900263516211	8.321867580630789	8.153906285138868		
11	11	PSMD2	PSMD2	8.3278287400942	8.331751125024443	8.412073962537521	8.270585679884825	7.099991233544684	7.636608238426431	7.256092065339013	7.949560763036211	8.282848602834644	8.058046230395282	8.32797162362301	8.42865304526201	8.346216013155006	8.194764024110887	8.183582992351017	8.070555015835032	7.895234642642808	6.7875383996525995	8.131201490026234	8.149988456491476	8.180956951334075	8.234770295160917		
12	12	XRCC5	XRCC5	8.549003262025789	8.500716623555478	8.375261133684306	8.449570956531211	8.373482100188978	8.335437840434784	8.051075307675749	8.282282156319097	7.731749883527264	7.188900373175912	8.205420915676342	8.515423426919186	8.48422863769372	8.365038482195706	8.503191242683334	8.499893186149237	8.220081924933815	8.20720335930803	8.215346702862167	7.898878692908451	7.656069439836465	7.2146054502900645		
13	13	COPB1	COPB1	8.458547204196593	8.475685712980605	8.38336648275504	8.181700704415961	8.136276535660292	8.07302145435974	7.938829824784029	8.394013663157313	8.276576681698554	7.679627735117284	8.216218700837137	8.311541958401195	8.24241718441772	8.325987466214443	8.347056665366523	8.420648745416555	8.118231648327027	8.092860943338817	8.22729525039171	8.262664624676255	8.26085813197114	7.98528722602303		
14	14	COL1A2	COL1A2	7.7281832778243835	7.7774993195903654	7.978235314045795	8.234922031428193	7.510330490823686	8.4136517520637	7.949472953848998	8.569514359510704	8.3901222515067	8.074121305906298	8.497247645415909	7.034427905025403	6.988839775231132	7.875240734689373	8.150541541374086	7.416091051942552	8.408121196675815	8.25683796590404	8.795845272395706	8.58114149899204	8.5119501703755	8.582404298019028		
15	15	COPB2	COPB2	8.456548216372394	8.338077815020867	8.40114195519373	8.287308951569972	8.44207193660303	7.935265363953307	7.958090631473623	8.380591083226832	8.220735530213101	8.044735697450507	8.178545314511007	8.426494995349033	8.428232013254334	8.423573519732736	8.458788881710845	8.429558499461422	6.953397225876687	8.250346800440827	8.059411937438657	8.275840939904668	8.336419704862658	8.156064312339865		
16	16	PDCD6IP	PDCD6IP	8.224118511106381	8.207391977978489	8.20002926655377	8.176149161126549	8.194736288728695	8.234238800347066	7.592898130878626	7.924434363543231	7.961919179051547	7.313825053809394	8.08246222116863	8.252003020538458	8.27669152884504	8.212666928793423	8.171697207248837	8.195927313597224	8.109578546904388	7.993929767037324	8.096110175084595	8.038818787373655	7.813994405526496	7.746268241198078		
17	17	ILF3	ILF3	8.428911939148605	8.593142016902032	8.502986698753512	8.401003979899482	8.273857435371118	7.571079638931142	7.221231613181412	8.213172309046818	8.2391993420543	7.809256612739585	8.343093345096138	8.276093991759216	8.41931125968998	8.34472621793986	8.472800315231284	8.291124546612215	7.699508195883737	7.992354659985455	8.393698016665414	8.148386687666822	8.24034952674222	8.20935413494016		
18	18	PALLD	PALLD	8.049721822152435	8.173506770208105	8.194292281551972	8.089410510983544	8.385141347604659	8.71811954093498	8.420401373436656	8.237317484174797	8.33663981864169	7.524253281297611	8.026165408839253	8.117569563463828	8.123688341667586	8.19309675807227	8.124993020025896	8.225825991461893	8.21412826182341	8.349995899262856	8.390475853937815	8.605488208657745	8.39091745249731	7.821074426705327		
19	19	ATIC	ATIC	8.294201600694747	8.310672074930123	8.39026372702938	8.30783820415656	8.353839323804543	8.105646412651236	7.7496590320948995	8.028733879349335	7.992946546537629	7.374491724943816	7.960475534293374	8.300008202553814	8.315361486979334	8.314835923004575	8.293274139710753	8.265596023087591	7.751917755480802	8.11058971029925	8.016071816734025	8.117171827514266	7.9364534196116665	7.857754522059442		
20	20	HADHA	HADHA	8.070259577400575	8.144418518602068	7.926723059315801	7.12856080655932	7.807690588571108	7.9627906384393485	7.590540910873103	8.151676230847048	7.966648505102925	7.8045278737252906	7.7507320413412115	8.028855809390445	7.7886632131208575	7.81969525422399	8.095936102180785	8.13277182930962	7.542850314182012	7.873593766767822	8.000737673774033	8.09300119668475	8.086680093734625	7.882996711615978		
21	21	TAGLN	TAGLN	9.323458366849467	9.264321877763006	9.354511799744273	9.253943462669259	9.438336623263844	9.487760371456293	9.615297594292704	9.563469219262853	9.660381605523158	9.028286509426277	9.582097468468987	9.097430853944243	9.039176084376042	9.17906322239498	9.282032685605381	9.533505148292178	9.682947914079005	9.588887687772225	9.676291129348288	9.592021227689484	9.74828883366775	9.475918041439469		
22	22	PDLIM5	PDLIM5	8.344254692556934	8.321681263668323	8.463654135971828	8.415457483406035	8.385731360988784	8.009068276192219	8.293185706706598	8.13953277159794	8.535408059915369	7.5979583149744	8.317352849677771	8.476672251730177	8.237518604633108	8.307731306161607	8.273302278567657	8.174815456482182	8.339689889966477	8.409425868671443	8.497302925540968	8.78160460163878	8.445464085678609	8.032256025890453		
23	23	CALU	CALU	8.960332808852733	8.995011819985269	9.095169351431755	9.131811071270343	9.057209512507791	8.584726885405287	8.970997365572485	9.281442457270872	9.208199417133796	9.283662990058831	9.252464661195994	8.859894500306364	8.974994996574598	9.104760166638526	9.213464629039557	9.1827569310404	9.252998580156891	9.152288344383056	9.286119502590363	9.182386117037067	9.210024073804233	9.524357170179343		
24	24	PLIN3	PLIN3	8.702904210509727	8.721876537265178	8.797800557707184	8.852699525239561	8.748420622467568	8.85842289450755	8.19044375970669	8.57645653240562	8.86795630956465	8.774458569267267	8.699716349172174	8.709617596682408	8.715878048308094	8.770903535049685	8.836659519795331	8.73652398286225	8.544638456623337	8.866110039844376	8.76948071721623	8.914470094322771	8.8047117510853	8.67182056018325		
25	25	P4HA1	P4HA1	8.151645602511628	8.201806642957022	7.8874485002499535	8.133666623260684	8.527848925934716	7.540316958919408	8.60224452727166	8.842927356099024	8.793252420205043	9.103803720955957	8.912859475162355	8.006337660374552	7.8980172312944745	7.927242006460018	8.219112780306169	8.52637805195189	8.045674966769106	8.618487401396354	8.635202168388586	8.703274177996601	8.965639068876676	9.063858548853071		
26	26	CTNNA1	CTNNA1	8.089622551584341	8.190919698912573	7.939494292448383	8.067219688974141	8.060282229438346	7.680951611168186	7.9093366872381266	7.952220754238025	8.095796793604801	7.234846169921364	7.812157695355176	8.139816140610575	7.746237081614781	8.161008437306002	8.099369826389838	8.015275906681875	7.90759407001401	8.223314189764135	8.112605001534574	8.297716751264153	7.9392446118149085	7.803047210491129		
27	27	PLOD1	PLOD1	8.024731889655248	7.899316997918055	7.792713788511254	7.714874382231573	8.273417994771455	8.323664535608101	7.249271753073101	8.721324130802648	8.218902950862828	8.570274341433395	8.447064958266482	7.960037694221933	8.196480167700148	8.043598030030124	8.107616929991783	8.299354734958506	7.522418148970326	8.215558257141161	8.288115025288104	8.279210512601395	8.476875084758506	8.490070903572992		
28	28	CKAP4	CKAP4	8.038580425961579	8.70744242363874	8.026288062023943	7.816035707382992	7.35928515389347	7.592742859342505	7.88031615461507	7.917951653120944	8.083108279194734	8.269442891071236	8.365263291698733	7.790228849914659	7.76234840445925	8.05766610390983	7.897236600496572	7.966981339135796	8.300943128080553	8.053692938784954	8.186758627181614	8.412225275871112	8.228477354445056	8.3714927085759		
29	29	UCHL1	UCHL1	8.764639332067448	8.712203394714425	8.87928516080771	8.30935332291878	8.752724344857523	8.978381405875247	8.855058571484854	8.688446519613361	8.984999604844209	8.269559640038821	8.734631837910278	8.455925441183638	8.474624134418614	8.724062767202916	9.043794392325779	8.939728861432513	8.999356768057648	9.061377074193887	8.626586705715114	9.007662446537276	8.847066509942337	8.752962194624331		
30	30	ZYX	ZYX	8.250810204025981	8.338556091009446	8.44105067674622	8.420384876960407	8.359740647863717	8.781489691818352	8.46259263800925	8.160408500089583	8.51160264922777	7.8542635213787415	8.382179196960255	8.212613696645057	8.252974325347921	8.451033825139367	8.513696924457404	8.269326110710237	8.376704671946978	8.398807730203265	8.450187501895837	8.602775986689238	8.457821363667911	8.154849841520745		
31	31	FERMT2	FERMT2	7.76375733343608	7.94524694977008	7.747303026415069	7.33665982345442	7.7735963081379476	8.28503944736652	8.045948538105334	8.046104787246039	7.660495506382359	7.662644522688828	7.386409778881913	7.807264355276107	7.6850516922326335	7.780756426114891	8.008088936291578	7.953638903390939	7.681575877079565	7.656826209166954	7.895494369976075	7.768349462169596	7.7797191152434975	7.290056882303365		
32	32	USO1	USO1	8.052309099647324	7.955529009036724	7.807162809471061	7.589715085985023	8.037745129269592	8.071918810363806	7.182271956694186	7.911690158753861	8.014142361545005	7.921821683853804	8.114043562548078	7.855446464315734	7.33209492844608	7.987143188172001	8.073241647611999	7.911125634963119	7.197996897597136	7.92201402321897	8.096284178244865	8.053884790394692	8.21850924719893	7.387923466973437		
33	33	SFPQ	SFPQ	8.478003423598137	8.50796375754458	8.46067237187743	8.391852159058638	8.326130956710795	7.9847882616671795	8.047235915459682	8.362256220783097	8.123492301422651	7.82715595105972	8.168114286819533	8.482644947392942	8.543360188211743	8.473136473456478	8.485764002284947	8.376777635025299	8.33033258922298	8.04453976039241	8.244499778833843	8.174670241487048	7.778925052441096	7.316997170689212		
34	34	RPL4	RPL4	8.624385241420265	8.608087238735642	8.472829556712705	8.475147976918247	7.73189483894544	7.913188441933261	6.9820721357720865	7.572674150739064	8.079253622430077	8.222638447166434	8.297760511099133	8.658316727178102	8.591910100931143	8.607594404013138	8.386106407136076	8.003546693102132	7.549787718291278	7.443794770302706	8.332801903177984	8.295457138072562	8.225180008177682	7.991265958048304		
35	35	EIF4A1	EIF4A1	9.15060295179301	9.210880090306865	9.163638359628923	9.049256797232227	8.944847720863244	9.011739561388318	8.778339403895485	8.926409335174236	8.955937770392804	8.05173119605985	9.026533264523296	9.014268457209642	9.060811119791346	9.090434416175121	9.067777358633316	9.025797241310292	8.934836665215546	8.929495559155406	8.971836913857542	8.865985887295256	8.90593073349173	8.809579913908864		
36	36	TGM2	TGM2	8.071034675054152	8.060282229438346	8.068593980976651	7.907524219674992	8.583821987082016	8.508946979821875	8.307731306161607	8.38753219463435	8.072507235528803	8.117536432710338	8.171141151028381	7.940068013739353	7.792398694191473	8.05173119605985	8.013679697291192	8.160078181020872	7.928375366184779	8.176438555741045	8.013595523537289	8.120902817614526	8.259378828382964	7.9629562074028835		
37	37	PHGDH	PHGDH	7.934407542884521	7.998834528357989	7.9062164837058315	7.919371011534774	8.12768778753985	8.09822826550294	8.174728333311894	8.228503016659257	8.056142262059053	7.653434429803495	7.996415346163988	8.086359830674748	8.068371418032644	7.99254468163885	8.010215125214227	8.242665636645263	8.178113252314631	8.406301678770776	8.267570626569338	8.2413472172382	8.217273326129321	7.680136000399677		
38	38	RPS3A	RPS3A	8.045401222995842	8.137828663756581	7.936845368561505	7.950734723519534	7.964490626621415	8.047703108134304	7.643195972076743	8.011232010319366	8.071771579416756	8.010215125214227	7.932397655003465	8.395343869356829	8.366833708239003	7.854973673726417	7.9810026899414	8.152685756036785	7.481700548621874	7.993872510309525	8.167258243043628	8.388616220951455	8.193235941639754	7.6500353966070485		
39	39	EEF1A1	EEF1A1	9.491067394653292	9.453150094810788	9.281714970027297	9.214896807560221	9.497855340131178	9.76118333985796	9.559643336466724	9.520994167111088	9.047703108134304	8.708777707890155	9.241745652570645	9.368547197567656	9.351834943477442	9.415240523913974	9.412981052757543	9.555300054669642	9.463609336403467	9.37390459247497	9.207122497650964	9.048558324898481	9.355930187078869	9.033785516842231		
40	40	DPYSL2	DPYSL2	8.278410601475816	8.211681076299138	8.180211922348942	8.177478782542323	7.046026669702541	7.821480774946339	7.359607844797206	7.493681066331961	7.550986177622661	7.264794219407156	7.986753824846176	8.102879434869378	8.112739022360172	8.242491735011312	8.160738568112581	7.849560674739912	7.377215156263061	7.76666561621731	7.921171257974408	7.6902492556890785	7.797267540830717	7.877711045532886		
41	41	FUBP1	FUBP1	8.332499054918179	8.355279070792133	8.435812525045836	8.298700282631671	8.17698787480081	8.052693941924968	7.48637379724617	7.748838980635796	7.95581277834499	7.333306181446832	8.077767490382056	8.240199675289158	8.213491193830334	8.196866747249238	8.212587078123894	8.290324044550108	7.676071437336907	8.229374630928843	8.09485529008368	7.513962987371995	7.689832538653086	7.85020497861574		
42	42	PDLIM7	PDLIM7	7.8084338040518055	7.944601099951267	7.849916694094291	7.6555513946674	7.811400716944095	8.189237580166832	8.408968832361207	7.9698350930757975	7.876373742805172	7.723980776891	7.953479411322143	7.602211967802297	7.6500353966070485	7.762475995750033	7.755158059532407	7.90072752544083	8.254934589077441	7.8541602401607555	8.22819496996335	8.319397574051827	7.823695884494096	7.486600479306201		
43	43	IDH1	IDH1	7.542190320433657	7.6940608931783965	7.633549247037712	7.575684227707583	8.007278247334245	8.206798900381548	7.696015460488567	7.988206562776769	7.933765592556662	7.279210512601395	7.971099496801932	7.668302031972607	7.115710338012379	7.566567112993496	7.741072772373322	8.182956469055352	7.75301588461289	8.21210766554766	8.11119528020713	8.04040452891416	8.066810275625834	7.976400422106433		
44	44	PSMC4	PSMC4	7.989512109538762	8.124993020025896	8.130623201682596	8.19835462473694	8.175192788386603	7.935376252370072	7.748869954103833	7.94586724397333	7.76234840445925	7.209970516709344	8.050108962917868	8.03205437547967	8.211681076299138	8.109274738230296	8.105101244549642	8.384980295651305	7.990787127883463	7.76179256994036	8.075656433597935	7.564879017501453	7.885852915802287	7.78478840945223		
45	45	HIST1H4A; HIST1H4B; HIST1H4C; HIST1H4D; HIST1H4E; HIST1H4F; HIST1H4H; HIST1H4I; HIST1H4J; HIST1H4K; HIST1H4L; HIST2H4A; HIST2H4B; HIST4H4	HIST1H4A; HIST1H4B; HIST1H4C; HIST1H4D; HIST1H4E; HIST1H4F; HIST1H4H; HIST1H4I; HIST1H4J; HIST1H4K; HIST1H4L; HIST2H4A; HIST2H4B; HIST4H4	8.980139777745755	9.433673846637062	9.242566272809812	8.95114802013499	8.50310943667137	8.599708446224168	8.337698805964077	8.545418459751117	8.247555946928156	7.645932903719387	8.457836497725442	9.443325583953746	9.38976836093798	9.194181208793847	8.783796421033452	8.50306852788613	8.452415170075868	8.48181513063742	8.511281613467142	7.764071470507211	8.155639633759776	8.348947065925598		
46	46	P4HA2	P4HA2	7.968576335175498	7.924666875986674	7.90620570409175	8.015778756389041	8.290946784734306	7.70205984927033	8.237543738142875	8.73559889969818	8.510048773232453	8.709566740542543	8.507478060030504	7.951696853226794	7.849793961764723	7.951371522625465	7.963528117136346	7.756278485725145	7.985561187773345	8.387994569541032	8.519736139308188	8.445339498742793	8.567414586029773	8.622369470494736		
47	47	PSMA7	PSMA7	7.846497932158269	8.082749476727281	7.970899854261527	8.104043029922009	8.276576681698554	8.073901558314207	7.404748217164617	8.21152099724023	7.874586174995811	8.184890082199722	8.100129203359808	7.995090888842378	8.057133367249087	7.80913531272523	8.148941814902912	8.142764774638724	7.391728822490743	8.098539897992861	8.1162091258034	8.05743786821294	8.046026669702542	8.25355606722012		
48	48	LGALS1	LGALS1	9.039453778961736	8.882325274596532	9.023869501388333	9.006252051369366	8.489508491577917	8.79153626813333	8.942414858406304	9.032296344739473	8.888331161494241	8.278593568241133	8.734855812377756	8.898330188854759	8.732803733265545	8.984437294796075	9.144325078400488	9.039334788738087	9.169645049134955	8.67404319953912	8.84147209706982	8.649587961100439	8.602689262215502	8.903757201967693		
49	49	TPM1	TPM1	8.836811315727346	8.693287157005656	8.905450465441351	9.13305964275391	8.846559770161806	8.58068553477062	8.725691163731348	8.61591850369591	9.178430139947737	9.261667228774185	9.05407655729051	8.848404670679187	8.696382602900835	8.917699769556032	8.838981247208956	8.81838427001463	8.591910100931143	8.960413692361229	9.16470966353988	9.248488225577443	9.290235008727562	9.310820715018279		
50	50	PTBP1	PTBP1	8.476005132579179	8.496098992132572	8.445915413951123	8.51237750731293	8.251443535033362	8.365637715794607	8.318376415222795	8.256429082303248	8.161697342108118	7.293738117783524	8.211707750406687	8.466823151065688	8.566979285614606	8.601375438291827	8.465843672937085	8.223729509364876	8.01899159470561	8.118727550427005	8.237141427338836	8.250712686459185	8.12404751911003	7.835487641995408		
51	51	RPL3	RPL3	8.429510040813138	8.345118765064614	8.364231957844547	8.185910285040714	8.057247580131245	8.322405381067654	8.310162065204453	8.35224042018223	7.443278637428316	7.22385921533063	8.034347658446848	8.246892320153599	8.402862957968564	8.281169773409736	8.339868640584651	8.331690425569631	8.371271101487585	8.000824376605605	8.31395154120854	8.026859985984562	7.972411138648832	7.908082708074611		
52	52	RPL5	RPL5	8.489846026166333	8.469792571286337	8.414672578435722	7.216561735047927	7.867485165700695	8.274134747878962	8.058805486675906	8.074048069062632	7.597333122976736	7.6777164249258965	8.232080842441372	8.42130771600335	7.891381328899431	7.924046565962411	8.280145681354222	8.263778049022621	8.01258416391415	8.232792884145159	8.290680005417864	8.311859773623503	8.268554571765275	8.251881454552528		
53	53	CAPZB	CAPZB	8.255393125707304	8.271237354470836	8.167376418413584	8.005823753029027	8.087248867795658	8.071808391833128	8.120606831056772	7.948310248856415	8.346685415027574	7.6244574287564	8.183782151277061	8.085468969886671	7.953469743253401	8.118892725373621	8.126033948051813	8.143608034837596	8.032820149438564	8.318710118918341	8.128399268717807	8.162355273552079	8.227912401751748	8.31454132912988		
54	54	TPM4	TPM4	8.545381348494361	8.55348251470629	8.672402681103991	8.598473148016579	8.308799103911129	7.928319024503722	8.40257086822233	8.495488833107508	8.997220324581923	8.681837982120147	8.889833737464764	8.639376905735658	8.458229798223568	8.473486970064569	8.3877278748679	8.58514476406575	8.528415301936139	8.562328558426488	8.91643289133729	8.952152876786068	9.04363730959257	8.931539229715453		
55	55	FAM114A1	FAM114A1	7.880453435716848	7.921670871808735	8.007107382974057	8.027145665774341	8.267030853292765	8.199316274253103	7.4452460350806176	8.162713725583078	7.888280611520539	7.7630984037509245	7.775544916652871	7.901196685071977	7.899021190562832	8.114977744785307	8.149188310536008	8.019324037153691	7.492858129197113	7.921384705036814	8.028286509426277	8.264510876071773	8.008813009052089	7.622317660833844		
56	56	SPARC	SPARC	7.646511551195713	7.537605042151777	7.659021982916067	7.850652360590954	7.905623207245211	7.297344614534694	8.070628844051427	8.13681565772685	8.141982515552805	8.376010910646249	8.18287096398891	7.744144280277382	7.68419882272141	7.6695121296915465	7.7214478649502984	7.793867182390594	7.999104430613782	8.050573076755148	7.763592694718173	8.431797841638305	8.69886576115068	8.372985605966962		
57	57	EIF5A	EIF5A	8.474157965602188	8.483273407582981	8.35224042018223	8.554634506217326	8.321784782959902	8.330961369611591	8.15265519881729	8.125741439128715	8.261358046194124	8.062205808819712	8.298634783124436	8.455012450100254	8.481055460893371	8.547503955893324	8.467030635465846	8.252853030979892	7.810743152365379	8.199179026051127	8.231342137903896	7.971934215022659	8.182785442084683	7.9864089244840155		
58	58	TMOD3	TMOD3	8.073204956488595	8.072433725968388	8.144231618090547	7.9503453788505745	7.96934600954804	7.577043486916584	7.724161135149409	7.943885106316829	7.968557659457595	8.239599751885043	8.20349523519329	8.070074826267529	7.391429144919444	8.018866863150906	8.09760432887441	7.685571569285352	7.474682370353251	7.993317168990859	8.004149341900058	7.967482452712152	7.976693793098472	8.457306491666998		
59	59	RPS2	RPS2	8.478653057295336	8.386659455414193	8.257222446187575	8.344883279369864	7.680426170858145	7.894985821897357	8.108023509346088	8.063370893585704	7.40112471067897	7.269185932813952	7.434089638417891	8.311669112400612	8.315487527750822	8.469424344100162	8.326479236380962	8.000520840936186	7.825601358207652	7.4287015996230545	7.902731546167194	7.1745830891776	7.25589936673046	7.216192302363926		
60	60	CNN2	CNN2	8.068297205031454	8.195733648273212	8.089481202687438	7.931666322689401	8.63297327967893	8.722625697181641	8.63811969986024	8.48297357411599	8.447390626803587	7.849210509072009	8.292056604621468	7.692705948901278	7.400658849764974	7.870076012109881	8.26283063485566	8.557242454229144	8.53356871319458	8.79165556727351	8.456457134303779	8.55201080276033	8.345863628503764	8.181042834030753		
61	61	TPM3	TPM3	8.529160761721135	8.316515493818436	8.651956069533075	8.463758650329817	8.457912160103358	8.142264291170022	8.262901762654138	8.295259136481679	8.635423423947685	8.349957098719464	8.563386147262673	8.477714385297958	8.21685178328438	8.247826022935442	8.336199479466632	8.4342814081363	8.308692442201258	8.7997746269329	8.592010116293137	8.755722444903459	8.736938036523092	8.877037144635965		
62	62	CBR1	CBR1	7.9683381595938	8.04590946703501	8.113174304634361	8.151553704542975	7.790073948426305	7.3846221884515435	7.389325591817493	7.763532810615641	7.870234134365094	7.715326319026051	7.810192179172952	8.036309443724438	8.114744387545127	8.004063300397666	8.074011446008946	7.882621290036535	7.344470871908455	8.010511962737214	7.869859232510904	8.034949146676372	7.937593109720719	7.516297339095703		
63	63	NAP1L1	NAP1L1	8.632639475428075	8.763285701373183	8.757722386256576	8.733052743823059	8.4703369751938	8.23552844690755	7.635403314463186	8.298743943482407	8.482887869376485	8.562934907501182	8.510920164345238	8.581904168221197	8.529558673021164	8.626884178239356	8.683083077779296	8.527178618803964	8.228169289539851	8.343467677469263	8.454311188147566	8.523928468273402	8.338954252377608	8.417853505168477		
64	64	RPS16	RPS16	8.42499590961736	8.447452631226993	8.301138555715015	8.301767669438014	8.07051809701987	8.477150206720067	8.103666913746792	7.837285336339828	7.992186664642423	7.6500353966070485	7.888044633815212	8.580993363122719	8.553470372213122	8.445526365746389	8.079976723632598	8.027471927021278	8.158573556172255	7.971401107927139	7.982998971008745	7.973783420439004	7.964089840210232	7.335979142340353		
65	65	RBMX	RBMX	8.253943462669259	8.333830010445647	8.279050648199027	8.170026898151116	7.929720272605199	8.00552369267328	8.155001836231254	7.864943973124559	7.980253416828985	7.358658068619549	7.9787236161559	8.18791535464999	8.184890082199722	8.047469574619857	8.157698479275517	8.091174360706882	7.930281548067035	7.928319024503722	8.072727689585266	8.031448861859383	8.030235296012245	7.5900947140528165		
66	66	YBX1	YBX1	8.713213245341475	8.669939511767957	8.893778401374506	8.60985042877394	8.573347439656937	8.046065730230687	8.205988850752451	8.200221026191876	8.760497875226527	8.645363311345259	8.645058567420241	8.856003453997221	8.606359864851589	8.68278566209135	8.480495608739412	8.352491239988165	8.502822994219365	8.61106446479997	8.720465269808178	8.87464993655673	8.5429871684208	8.576352869800544		
67	67	BASP1	BASP1	7.976794593624339	7.804514250082592	7.8457304085026545	7.731274412396142	7.824477294394357	6.939529236285058	7.45250710370913	7.159025491224905	8.274942566083686	8.16387665564692	7.957765270646993	7.960798871744882	7.789164548963006	7.631372733732714	7.423180315104786	7.458849280081279	7.721901255455373	7.80962704189405	8.121100029976308	8.417471693203293	8.104964845527823	8.011612729219424		
68	68	LASP1	LASP1	8.28744340112945	8.345393337090858	8.405773101373358	8.294311880902013	8.419922721037603	8.330454359721998	8.610021024664146	8.365150901493603	8.36218077659253	7.6277242065126725	8.397783634509514	8.257534585980679	7.9065666755896835	8.404269108905424	8.480121972617974	8.485053860060685	8.48137095683255	8.652565415698534	8.487435348319549	8.476672251730177	8.376631696608534	8.009153331907708		
69	69	OTUB1	OTUB1	7.749720859974408	7.8005864954381545	7.990316651025644	7.965648469800588	8.36189774409588	8.257198426139345	7.481628919507578	8.363837528836141	7.858398826871144	6.968305458630811	7.766018531042229	7.855688721521717	7.9600567399283495	7.893562040517563	8.13833428207102	8.380681472737827	8.17906322239498	7.547774705387822	7.635332923933763	7.873320601815399	7.620063145703663	7.584082338518372		
70	70	PARK7	PARK7	8.067480023931482	8.056447458474917	8.163101715043975	7.7436900300745615	8.075108796416501	7.64846735140684	7.898708730729365	7.971275848738105	8.1773921920761	8.085540306036949	7.959728084371596	7.847196189719209	7.379994040165742	7.8530590733504395	8.027594211826226	8.072286669509891	7.934165027520354	7.99004567368463	8.039414119176136	8.361293324243576	8.093561757565288	7.988077131134809		
71	71	CDV3	CDV3	8.27932466544261	8.220892249219519	8.350984143686027	8.217273326129321	8.118958777766434	8.07382828440111	7.938079203279628	7.553603920969493	8.167080919673257	7.587643627320985	8.135514280998786	8.096388546687367	7.97776017591595	8.24039946573864	8.325884943969	7.453195986339536	7.758790817827381	8.152685756036785	8.13023724788523	8.452108584004117	8.035709837827861	7.777093179301813		
72	72	PFDN6	PFDN6	7.612476564128437	7.6521302556954005	7.686081877334635	7.841340696512393	7.929980590515514	7.966676641791788	7.466986182866968	7.6070258784347855	7.54206568075828	7.517446633919386	7.5071674686681344	7.530775813010409	7.6556377784532454	7.5496039884441215	7.733662617918564	7.827000741951291	7.307474643569412	7.652420410806234	7.413299764081252	7.6182050422592695	7.396530610090025	7.220813896785491		
73	73	RPL12	RPL12	8.527397871520467	8.471218344307873	8.414505394200718	8.501593239327352	8.39866901121082	8.191059581827398	8.410034503205365	8.231265648430266	8.349160922692949	8.29804484260098	8.182471717605374	8.550460730175386	8.600482813465959	8.544985297642722	8.394083775678256	7.8262562609882025	8.403223503703725	8.344195715871434	8.299180310745347	8.28438560999577	8.22081389678549	8.130783914588957		
74	74	RPS10	RPS10	8.062393937253194	8.098401422270078	8.032215703297982	7.838786144946595	7.6497436431317345	7.703540703368265	7.562102447054804	7.727508724388225	7.7448794713710285	7.317352849677771	7.8657729717464875	8.157849480452901	7.961278679085043	7.924393014962341	7.695761776133511	7.457109467418195	7.6604195757954745	7.735055692020228	7.85929444704148	7.688117134324986	6.960908181424043	7.208199417133797		
75	75	RPS15A	RPS15A	8.40031344514033	8.372175286115064	8.222456336679247	8.156851901070011	8.226058310427113	8.236007926032121	8.280259588686137	8.019407108018884	7.472390727626629	7.409882424518243	7.77136697085778	8.319688893249499	7.938299520082884	8.331022171041829	8.404114997505596	8.342383197710955	8.231342137903896	8.171814181051147	7.782436789809906	8.082857148596409	7.62155015432547	7.572302233692734		
76	76	DYNC1I2	DYNC1I2	7.221309890296929	7.336459733848529	7.4533795039767075	6.889357736888932	7.063408424975945	6.459603551836237	7.340364784402067	7.237794993273923	7.923777489555193	7.946506302819625	7.920112886394044	7.809573180922052	7.283346465356046	6.99415431671742	7.070960915800934	7.3577062107846425	7.269396182694991	7.43657606399906	7.795435071943661	7.879021291480248	7.892089034776816	7.888134545203536		
77	77	TPT1	TPT1	8.615139594333925	8.537542065326809	8.651791496206709	8.312008007838724	7.9209108146244525	8.114510904848874	8.373095987078727	8.323623309685443	8.223158342460344	7.4850538600606855	8.22927217882129	8.366497668129632	8.087142279383809	8.458954957021865	8.556193913572846	7.9487307452239975	8.41703967508872	8.261072451390822	8.535863520712452	8.532308393275416	8.08912762904428	8.29556709996248		
78	78	S100A11	S100A11	8.346665866742201	8.65582968092727	8.459633695475459	8.192232822924277	8.262783209850763	9.029261995804175	9.1271372071915	9.022057020601165	8.80962704189405	8.427258840270405	8.774407465921632	7.852516589944497	8.304684365974387	8.48404345874591	8.748397368526343	8.62009439403249	8.96037087355673	8.568741322390673	8.809276826115209	8.73475183859682	8.87261655578322	8.81134036986185		
79	79	HNRNPF	HNRNPF	8.205366787866476	8.227552503379865	7.945443964565363	8.354857239474118	8.135736743509474	8.44244841093007	8.437972408439348	8.25287729256376	7.89871969803869	7.712076998120074	7.859894500306365	8.190331698170292	8.006337660374552	8.098470665650629	8.19835462473694	8.379903507451504	8.291413254570214	8.044814047528638	7.8099769754858555	7.6522947007252045	7.611797630776316	7.346724508958818		
80	80	2011-09-01 00:00:00	2011-09-01 00:00:00	7.97387106211422	7.865565870396205	8.029464946638235	7.817419919352118	7.624117011929127	7.693287157005655	7.181815014999474	7.761995456864509	8.109679769252335	7.860601498446424	7.9990783183702705	8.092931075673553	7.772915521064707	7.715894756440359	7.469439079183608	7.541654115851241	7.166755638665237	7.745051357794347	7.916074762424058	8.071587470514975	8.031610414723481	7.7891786627221276		
81	81	PSME2	PSME2	7.309949384259016	7.367989193531104	7.3070251187186726	7.603263489432861	7.950686074520155	7.231316642909501	7.798850830461413	8.124699808932117	7.724447914464339	6.985659951261867	7.691991583330882	7.454097535646714	7.492732459223175	7.481041114721699	7.64301816471217	8.21412826182341	7.81342085048308	8.076713244690024	7.6341042818288924	7.705333344121764	7.65628990119136	7.593894981695562		
82	82	RAD23B	RAD23B	7.786225977095757	7.927031419511874	7.951347234447463	7.67355537811554	7.814833364847876	7.318313817223999	6.941928631912614	7.3127695570523	7.710185086066562	7.392010683195499	7.624323357009221	7.949902074536133	7.65861231155614	7.6874219350140915	7.531376718081458	7.784724248545718	7.087497472404264	7.665834177482882	7.81665881758969	7.857700284590165	7.888432243793681	7.270911639410481		
83	83	YWHAG	YWHAG	8.062318695658776	7.89289563792877	8.131618664349126	8.254306332331286	8.166962663857166	8.144138137663589	8.035349676522989	8.03678853310772	8.208253193072686	7.800029359244134	8.082066934285113	8.194431082563701	8.051538390515327	7.983319511876811	7.7672375206157716	8.218588016489417	8.117171827514266	8.034106829707644	8.241073080752987	8.390634881151877	8.302114376956201	8.157698479275517		
84	84	CALM1; CALM2; CALM3	CALM1; CALM2; CALM3	8.774575354338735	8.573440225232272	8.88165279790042	8.695253962436349	8.566849787794398	8.160558562107559	8.517433440897774	8.399067708949072	8.502863926138332	8.479229694812041	8.26839073562993	8.64281063073728	8.51642959675787	8.738312726770033	8.755074101758472	8.549076865022643	8.74592536276065	8.763645086535167	8.598440304561372	8.330271691167505	8.38298906196446	8.71307032585564		
85	85	RPS21	RPS21	8.006423252507643	8.11590992187706	8.170965406310842	7.837354815877495	7.886146537347659	7.6850516922326335	7.9344782510304475	7.950306425179196	8.076276255404217	7.480438147177817	7.998943380095222	8.02007110353384	7.836526654818224	7.93724700036772	7.682262437401948	8.156033991923621	7.638299523672946	7.989565495461619	8.14307728417362	7.986054780769695	8.050920836935402	7.911466567282492		
86	86	CMPK1	CMPK1	7.813340759292092	7.830177915464808	7.871169975552317	7.9264196248058605	7.799891684656865	7.717803599687921	7.836077143385893	7.802034453858453	7.863305012035277	7.746252661685883	7.190471770573345	7.90970041350142	7.862608363964942	7.702016725569145	7.9011312513553715	7.7642658225049725	7.865897185168377	7.7376457905618885	7.807906927924279	7.7607164374741995	7.841265592625782	7.75264759133031		
87	87	RPS5	RPS5	7.534267313772363	7.756400262626286	7.520077215158784	7.659840168122544	7.782486957080988	7.4389535077043965	7.750060756064396	7.865074349177635	6.963698126830986	7.394626764272209	7.452200582553092	7.363818737564178	7.8464793790401135	7.675906595366384	7.75781341900478	8.12339424810553	7.724087361278406	7.476947502174075	7.80349808489347	7.550277284887933	7.44399792707814	7.308244176740606		
88	88	RPL11	RPL11	8.443200381940077	8.205772582098419	8.141292960081593	8.321701969500738	8.245339902695324	8.018076063645795	8.085718595165403	7.947757116527084	7.96124069386805	7.79590781130152	8.222222082360712	8.304339704892339	8.388935581235241	8.217088951479171	8.289588952542596	8.209085869762749	7.916190659980537	8.280008953108187	8.089728533074735	8.138776215729349	8.022180839413666	7.562602114778459		
89	89	NXN	NXN	7.296994076670209	7.2473102774556555	7.379232978167667	7.375645327492456	7.578765240209975	6.912923165600507	6.921686475483602	6.978937930575027	7.296511624661298	7.0246498311794445	7.173594138754633	7.469188514747329	7.364475948787014	7.285849740493442	6.954358305862328	7.184691430817598	7.035669834651681	7.283662990058831	7.136625455760932	7.301529147360923	7.112236230868939	6.647363406859503		
90	90	H2AFV	H2AFV	8.138113146487168	8.115876664268445	8.133187498641167	7.795845272395707	7.5646068920356475	7.723044991643445	7.2712140972088335	7.273603076590536	7.416091051942552	7.798643740867619	7.680018063249191	8.376010910646249	8.100887254853593	7.837411654505375	7.485792383835206	7.6066929993140615	7.259522207216192	7.4336738466370615	7.329601248356519	7.350635608258955	7.449987220643427	7.051576958472539		
91	91	RPS20	RPS20	8.34537373055909	8.266936911159172	8.472083283223357	8.058350092210654	8.174728333311894	7.890286853065556	8.101884487167542	7.916937982863775	8.388793672323501	8.106564834846765	8.384084473382558	8.66468897458024	8.199316274253103	8.035989756936427	7.941267881179236	8.200111459623802	8.02444461713135	8.16387665564692	8.156367400133522	8.2520759437998	8.178286128777568	7.882831793618027		
92	92	RPL19	RPL19	8.199618067707931	8.102913702789222	7.974235277443026	8.003632837004409	7.810299741040169	7.163638359628923	7.681774729867794	7.698596350387344	7.735646797183503	7.783152915756492	7.791360768667628	8.101059354908115	8.280919662709337	8.18346914623151	8.058615797010562	7.591220479634285	7.687038207728654	7.793971884645713	8.044618145823884	7.965925705547629	7.865133598083853	7.547676270554694		
93	93	HMGA1	HMGA1	8.027349607774756	7.589670402034894	8.071476967698917	8.074121305906298	7.77584336832537	7.820549543971786	7.341038631677523	6.870158008613836	7.739983503368378	8.642029018195423	8.158663980813989	7.940282341084812	7.6004174273649765	7.646932792140526	7.515728171743949	7.4760196460713155	7.91270020819086	7.808568797597459	7.779408881695875	8.069149889848779	7.558012181565552	8.076931574555655		
94	94	TMSB4X	TMSB4X	8.299616239998413	8.168968646554767	8.496818985699855	8.497731108097367	8.327134064918578	8.011824095594308	8.162892840714255	7.935098978222938	8.789192776022594	8.3241795297179	8.715543750605143	8.459452802248864	7.981524147187821	8.004278372200162	8.070000903802345	8.515940042093318	8.221909546588135	8.562114350588686	8.455758203104137	9.149619341533153	8.642009212267617	8.391323326974092		
95	95	ALDOC	ALDOC	7.852937225981497	7.763689988776926	8.067554376693504	7.662757831681574	7.830043052370365	7.895207002932124	7.8312104768719095	7.580845176707686	8.080121199509481	7.714866008594847	8.026859985984562	7.910917748015453	7.713943921487289	7.562566443285449	7.93633777735778	7.641077313325375	7.699082906224704	7.838912027405999	8.184804957019239	8.450772410377386	8.088525892431257	7.99150517530131		
96	96	RPL37A	RPL37A	7.70963454740572	7.655896826765073	7.682596291460554	7.683857205400346	7.50018156686907	7.525860772931853	7.399379478152629	7.308137378638039	7.102021856924153	7.258086284327979	7.286299250942829	7.7206801443421424	6.9506130908015855	7.730184507745428	7.62394154149401	7.240873600020581	7.276967038147092	7.3799216155042044	7.408528268276236	7.036828433377113	7.223521899211224	7.048985302570711		
97	97	ACTC1	ACTC1	8.896283650304548	8.935250240611644	8.953339203255743	8.980671352785915	9.297760511099133	9.325987466214443	9.421406475408416	9.493499875095045	9.586024382386976	9.04630001965297	9.655032730813671	9.163757523981955	8.848755486424078	9.087674960036757	8.892534242449836	9.27293177938707	9.529520181405683	9.400900469654637	9.699941736041831	9.802589025376433	9.691797355026257	9.831594655305475		
98	98	HSP90AB2P	HSP90AB2P	8.077694865886587	8.325392500017264	8.242963591821484	8.384998193262398	8.570893036218392	8.726702763996299	8.307624381848118	8.412174843950728	7.645942717729486	7.802869464702927	7.987844950171298	8.047975405279086	8.294444180196873	8.285759782545442	8.361822237600816	8.711562605985998	8.397053143018109	8.319147716254982	7.780029127337339	7.653540523484712	7.596893853733629	7.761672295911301		
99	99	HIST2H2AC	HIST2H2AC	8.837702046930868	7.90025239420509	9.068260093774699	9.075108796416501	9.023046584075505	9.349044286602036	8.871882201849058	8.926182901577803	8.86223874654393	8.817452980495236	8.920295548363157	8.975027197715118	6.8292909046557355	9.270259475526624	9.15633710087081	8.753521778452294	8.844632475043564	8.695367834387964	8.761672295911302	8.751863929554984	8.884030286857412	8.744199071460098		
