-6.173500553837723004e-01,-6.818493647257624080e-01,-7.487046235993972676e-01,-8.169354561269206449e-01,-8.851714447670604446e-01,-9.516108963118261599e-01,-1.014019379869228299e+00,-1.069791411746174870e+00,-1.116095725616779166e+00,-1.150111696673878470e+00,-1.169340493009332071e+00,-1.171944077053037603e+00,-1.157040023803165063e+00,-1.124875128770203681e+00,-1.076824835367160116e+00,-1.015213076105035750e+00,-9.429985473108224436e-01,-8.634060999531536496e-01,-7.795840811607903653e-01,-6.943447757943130849e-01
-3.719845047484091616e-01,-4.128413492365237136e-01,-4.483977341936713490e-01,-4.770474190103519696e-01,-4.972102659087958010e-01,-5.074672719113244579e-01,-5.067088238551700208e-01,-4.942733512864951884e-01,-4.700497335431552681e-01,-4.345200944941967069e-01,-3.887304998910563469e-01,-3.341927677881022518e-01,-2.727358737094793817e-01,-2.063350258310381324e-01,-1.369476764486052822e-01,-6.637936125305587964e-02,3.808236544610155150e-03,7.234519226358004929e-02,1.382632437633438682e-01,2.008777605556782975e-01
-1.414799368949473113e+00,-1.522675331604044668e+00,-1.623962742713269236e+00,-1.714670356160347797e+00,-1.790473591811476251e+00,-1.847050081186269566e+00,-1.880520675596906166e+00,-1.887935552827264551e+00,-1.867710928783899327e+00,-1.819911446729278293e+00,-1.746299066224670238e+00,-1.650127417466849433e+00,-1.535729399357692593e+00,-1.407996639811935680e+00,-1.271863378406381084e+00,-1.131884817024688239e+00,-9.919572089581414343e-01,-8.551839616339045325e-01,-7.238622997046884056e-01,-5.995522127367594045e-01
-1.724681502588573778e+00,-1.690258217855754364e+00,-1.642709567742700827e+00,-1.580299735821807161e+00,-1.501516989269040536e+00,-1.405283654605922639e+00,-1.291196696793563525e+00,-1.159766419831529394e+00,-1.012604071506428394e+00,-8.525004264030806578e-01,-6.833453881640223493e-01,-5.098678581826991962e-01,-3.372206464915550317e-01,-1.704815136955888377e-01,-1.416869371246654019e-02,1.281354460488755009e-01,2.539933567326383423e-01,3.621428066256605627e-01,4.523801051094021863e-01,5.253505871086878720e-01
-1.161367662905982812e+00,-1.233308460783608229e+00,-1.305681463650434360e+00,-1.377739277232203463e+00,-1.448597905336529656e+00,-1.517239663741213551e+00,-1.582525337592385117e+00,-1.643217530122478287e+00,-1.698016473288160189e+00,-1.745608407060399436e+00,-1.784725014991183301e+00,-1.814210495218015584e+00,-1.833090961141659037e+00,-1.840639427224985969e+00,-1.836429079230668560e+00,-1.820368168019007804e+00,-1.792711759042213693e+00,-1.754048448543020111e+00,-1.705263469985602409e+00,-1.647482671534682641e+00
-4.154446905055859673e-01,-4.522595851020581037e-01,-4.713344922741131704e-01,-4.684169032148108869e-01,-4.410529593274035154e-01,-3.894379137684869097e-01,-3.166346228391194728e-01,-2.279907863991879058e-01,-1.299752040738519909e-01,-2.890972838361749453e-02,6.997031115518415056e-02,1.629467477523911523e-01,2.478076858029695240e-01,3.235779804891601996e-01,3.901652975975988813e-01,4.480320185001469557e-01,4.979398856764147840e-01,5.407734265721764189e-01,5.774292953315458554e-01,6.087537441648374070e-01
-9.881549770457147552e-01,-1.037172934715568484e+00,-1.086707733377376250e+00,-1.135848252477360987e+00,-1.183381969366544606e+00,-1.227757639400221201e+00,-1.267071475311089657e+00,-1.299094877210585697e+00,-1.321363949263269610e+00,-1.331347552881874119e+00,-1.326697925119423527e+00,-1.305564492799275111e+00,-1.266921413019328924e+00,-1.210833887659900743e+00,-1.138583160992189924e+00,-1.052596350731388242e+00,-9.561807913875777221e-01,-8.531219734364174911e-01,-7.472419683972528759e-01,-6.420154369542563355e-01
-1.595227024730954124e-01,-1.885402135079936592e-01,-2.192684697356783730e-01,-2.517364809129007952e-01,-2.859500328790649526e-01,-3.218849052742653871e-01,-3.594791325711172991e-01,-3.986244455155856237e-01,-4.391571758031562744e-01,-4.808490966095120278e-01,-5.233989007322030762e-01,-5.664252700396561480e-01,-6.094627317138916478e-01,-6.519616761074100708e-01,-6.932939575934440324e-01,-7.327653340415176686e-01,-7.696355523815339161e-01,-8.031461244045228209e-01,-8.325547947361822132e-01,-8.571745103525671983e-01
-1.331507273970593541e+00,-1.425760521527200897e+00,-1.526182999301068044e+00,-1.631506169790692962e+00,-1.739288049030946581e+00,-1.845372870701800672e+00,-1.943265704268158700e+00,-2.023581233799846668e+00,-2.073919333184560898e+00,-2.079738590902843853e+00,-2.026830624390114188e+00,-1.905470184844465287e+00,-1.715047368428679775e+00,-1.466682714986134339e+00,-1.181573799742126507e+00,-8.852960887418745983e-01,-6.010327190458968349e-01,-3.450407113139870585e-01,-1.255769377938624753e-01,5.565116034255879196e-02
-9.223165378596140940e-01,-9.797633769998164155e-01,-1.039051586639570424e+00,-1.099894856249674202e+00,-1.161908833871686308e+00,-1.224596897125917128e+00,-1.287337422799824882e+00,-1.349374266543243994e+00,-1.409812607820354113e+00,-1.467622657524678242e+00,-1.521653834044706333e+00,-1.570661728621130848e+00,-1.613349348614981693e+00,-1.648422654668186826e+00,-1.674658332977675190e+00,-1.690979300226928661e+00,-1.696531074573279785e+00,-1.690750465444598838e+00,-1.673417643132385724e+00,-1.644683936292430371e+00
-2.539708593774029133e+00,-2.596173602209056686e+00,-2.640369386514895389e+00,-2.669312474279309289e+00,-2.679983198196863814e+00,-2.669533941682904477e+00,-2.635544451998959481e+00,-2.576299753437094608e+00,-2.491051865912510710e+00,-2.380217556042021787e+00,-2.245466119325846055e+00,-2.089666588614702558e+00,-1.916690664329346649e+00,-1.731098591588443369e+00,-1.537760034446481683e+00,-1.341472537131726206e+00,-1.146633989095001915e+00,-9.570066108281500838e-01,-7.755861379150872370e-01,-6.045687729472055683e-01
-2.742398426793444255e-01,-2.752760898927801847e-01,-2.700542438067188300e-01,-2.579204309488276614e-01,-2.385356967998204514e-01,-2.119648522520414247e-01,-1.787190470363511086e-01,-1.397351307854772795e-01,-9.629002301404243624e-02,-4.986593606643574539e-02,-1.995114887735294218e-03,4.588438138538719624e-02,9.253757745415203129e-02,1.369948435938012077e-01,1.785690544747202679e-01,2.168377959089269336e-01,2.516040063042311870e-01,2.828474455439687896e-01,3.106761810969684845e-01,3.352836298606211018e-01
4.461135968099034788e-01,4.455916900141655423e-01,4.441227540355521253e-01,4.415251969968233547e-01,4.376146553202783229e-01,4.322181083416664071e-01,4.251929973452017730e-01,4.164503453660973742e-01,4.059792180751967683e-01,3.938680802685898819e-01,3.803174028139257867e-01,3.656381545918215847e-01,3.502331696367672054e-01,3.345625402720030506e-01,3.190987969774881083e-01,3.042807663414897057e-01,2.904752207902658867e-01,2.779527066794532653e-01,2.668796041180111489e-01,2.573243871075420186e-01
-8.572909846478189433e-01,-8.526340091603430427e-01,-8.421166178813634939e-01,-8.252397598069143303e-01,-8.016149737851545609e-01,-7.710019327521355770e-01,-7.333421693764494709e-01,-6.887846223470901474e-01,-6.376988412353796765e-01,-5.806726963049031465e-01,-5.184932098784673649e-01,-4.521113867791448637e-01,-3.825942222143854377e-01,-3.110688970155206512e-01,-2.386651226593488051e-01,-1.664614922809235509e-01,-9.544062675179110222e-02,-2.645620030820383661e-02,3.978698433258109901e-02,1.027404296071561252e-01
5.351799090756554911e-01,5.069012522241203023e-01,4.844939217551468280e-01,4.732639543897704248e-01,4.781434170070629763e-01,5.012537259772719134e-01,5.401872514598529129e-01,5.887441526752755783e-01,6.397244368890990796e-01,6.875375429398165039e-01,7.291539921561949189e-01,7.636824745174667362e-01,7.915034760863214336e-01,8.135483493362488661e-01,8.308679084744687859e-01,8.444288496573462144e-01,8.550432596333370494e-01,8.633624421742325250e-01,8.698962308957731704e-01,8.750389602140761225e-01
-6.809508457648649760e-01,-6.737962933166796731e-01,-6.577407111135435969e-01,-6.321727520949242951e-01,-5.968328615597424669e-01,-5.518859010634238338e-01,-4.979558527844536453e-01,-4.361110242443246854e-01,-3.677971202106586901e-01,-2.947263597965290582e-01,-2.187400907704497577e-01,-1.416670567483131471e-01,-6.519833699596322418e-02,9.206032884356174506e-03,8.037211759408946499e-02,1.474301151370722707e-01,2.098022519376727679e-01,2.671700146895674699e-01,3.194302010157122895e-01,3.666476383397179184e-01
3.405828830380269734e-01,3.449659879395745588e-01,3.421902296728414061e-01,3.307389736898678212e-01,3.089208529358226096e-01,2.748991490514969271e-01,2.267482501630978531e-01,1.625447524968077762e-01,8.049910019760164737e-02,-2.087077274549109518e-02,-1.425302960469183589e-01,-2.847015511242940722e-01,-4.466502053162002550e-01,-6.265286359818071915e-01,-8.213216761382726716e-01,-1.026932512171915945e+00,-1.238422544288806826e+00,-1.450384628397539011e+00,-1.657394546907090316e+00,-1.854463750105270758e+00
-3.151970164267281937e+00,-3.139857359635864320e+00,-3.113575076704447220e+00,-3.071658909791024961e+00,-3.012862817370249857e+00,-2.936267945554907666e+00,-2.841391467158989492e+00,-2.728283147787819551e+00,-2.597595724339458290e+00,-2.450615837334182867e+00,-2.289245732962487789e+00,-2.115932082804584446e+00,-1.933546050305917863e+00,-1.745226475302910529e+00,-1.554203872724617241e+00,-1.363625415137705410e+00,-1.176399701915580742e+00,-9.950754999120257072e-01,-8.217621601212312665e-01,-6.580927244107888097e-01
-4.128611435764367954e+00,-4.250769775680783624e+00,-4.303449954163237834e+00,-4.274797250450301789e+00,-4.159582477215531426e+00,-3.960992010278063802e+00,-3.690523400545459687e+00,-3.365893111563209139e+00,-3.007703261155803887e+00,-2.636031289953755685e+00,-2.267902812397353696e+00,-1.916037564796100767e+00,-1.588725666051203689e+00,-1.290425764747326731e+00,-1.022667718591935504e+00,-7.849653310497539671e-01,-5.755863119798949601e-01,-3.921315911138114618e-01,-2.319349699927377717e-01,-9.231813490188400806e-02
6.544851032148158998e-01,6.660603272027290078e-01,6.810191195046835233e-01,6.987901379396219692e-01,7.185357486327657028e-01,7.392793655263829589e-01,7.600543800047518950e-01,7.800307990315021867e-01,7.985909098669613515e-01,8.153488859253597010e-01,8.301275349748697963e-01,8.429122528033672346e-01,8.537997437571639425e-01,8.629525243100686360e-01,8.705638943639468774e-01,8.768337922744990909e-01,8.819538214588363845e-01,8.860990989073975754e-01,8.894247313691725498e-01,8.920651838233022435e-01
-2.596225693953256197e+00,-2.624834023350626211e+00,-2.635996803413656497e+00,-2.627456732266943096e+00,-2.597448970538303481e+00,-2.544908503553789725e+00,-2.469640051699497629e+00,-2.372417782693489130e+00,-2.254990115659246452e+00,-2.119980688169867733e+00,-1.970696319271554753e+00,-1.810870786666908927e+00,-1.644384028202950709e+00,-1.474997206548910533e+00,-1.306135798227051836e+00,-1.140739178330739456e+00,-9.811806954841235662e-01,-8.292506616967003641e-01,-6.861878129588205866e-01,-5.527425857789629582e-01
-1.465189890296754172e-01,-1.405356646408162380e-01,-1.322894143087416374e-01,-1.215208956866258294e-01,-1.079999602701895434e-01,-9.154854087773456328e-02,-7.206637645053026731e-02,-4.955705695267975663e-02,-2.415071003444557718e-02,3.881116562446718099e-03,3.412275245426577008e-02,6.602701327426030442e-02,9.894382529151513062e-02,1.321624236783812689e-01,1.649616847809394216e-01,1.966612773331037900e-01,2.266662122566223125e-01,2.544990517111311856e-01,2.798168890991936664e-01,3.024132877770654426e-01
-2.224686153072127137e+00,-2.366968734011292597e+00,-2.481242901696229186e+00,-2.551671549455887256e+00,-2.562030358134304464e+00,-2.499309655662224738e+00,-2.357931462760420427e+00,-2.142776724863739712e+00,-1.869177613748797651e+00,-1.559443016934949799e+00,-1.237464598181247766e+00,-9.238415810743385581e-01,-6.331754576540651325e-01,-3.736941672615146093e-01,-1.483766921627798219e-01,4.339948447095820505e-02,2.043357254855553418e-01,3.380781340663572276e-01,4.484890691455807321e-01,5.392377771541145837e-01
-5.750931585542709001e+00,-5.667437447690266694e+00,-5.557223951176425203e+00,-5.418016254820525290e+00,-5.248031388293140864e+00,-5.046196347173239616e+00,-4.812365900063296564e+00,-4.547512876860622555e+00,-4.253859000942465052e+00,-3.934914982182053933e+00,-3.595406453678064551e+00,-3.241077499314009458e+00,-2.878383595002074191e+00,-2.514106135033362222e+00,-2.154935799001343355e+00,-1.807077442114840338e+00,-1.475923487304422910e+00,-1.165827971524470819e+00,-8.799940205513452351e-01,-6.204688439570991143e-01
-2.330992632046953172e+00,-2.384122903392671411e+00,-2.423939817252971363e+00,-2.448226858330211364e+00,-2.455023850431838461e+00,-2.442792153035935332e+00,-2.410569889055437898e+00,-2.358094408600698966e+00,-2.285870638395010257e+00,-2.195170594411488985e+00,-2.087960177332783385e+00,-1.966761865766562867e+00,-1.834472736121572911e+00,-1.694163517915301398e+00,-1.548884836850738189e+00,-1.401502003138094921e+00,-1.254571693723007364e+00,-1.110265154462790171e+00,-9.703351785627698511e-01,-8.361192338490162079e-01
-1.053265481260410308e+00,-1.121097356099237441e+00,-1.182279336837333439e+00,-1.234120166053340739e+00,-1.273817421378419912e+00,-1.298681553128627542e+00,-1.306411493912067456e+00,-1.295383777761498489e+00,-1.264900752076016932e+00,-1.215340327865629622e+00,-1.148165345816078986e+00,-1.065782676789788663e+00,-9.712797133550148398e-01,-8.680944881527055124e-01,-7.596850575729205968e-01,-6.492531158397483182e-01,-5.395535694917854563e-01,-4.327965769540618179e-01,-3.306294708260320014e-01,-2.341762255880508459e-01
-2.175953072078031791e-01,-2.637041475563710602e-01,-3.062579646590677385e-01,-3.434618931493618188e-01,-3.734130424629507061e-01,-3.942576464891853760e-01,-4.043887800636309926e-01,-4.026554440924936529e-01,-3.885408058030512812e-01,-3.622656476180945440e-01,-3.247868932664430552e-01,-2.776874758081917527e-01,-2.229827520927250006e-01,-1.628882734231169582e-01,-9.959708208430662069e-02,-3.510316995898032921e-02,2.891126290895096318e-02,9.112520421353420552e-02,1.505772762554794530e-01,2.066303276726985105e-01
-1.145328879565360225e+00,-8.750920128209878079e-01,-5.930378986646538397e-01,-3.152922896390180085e-01,-5.678443081457040797e-02,1.712133756800232609e-01,3.622781525431207905e-01,5.146675286360676838e-01,6.302432843758236647e-01,7.130934504185324485e-01,7.683016861654234919e-01,8.010639865295170470e-01,8.161642832576417872e-01,8.177300591195221235e-01,8.091707527014835311e-01,7.932181158431005352e-01,7.720130332996621991e-01,7.472055563929542732e-01,7.200506606795931130e-01,6.914920392703571839e-01
6.777476304495877457e-02,3.741821761881747310e-02,8.049704601749585464e-03,-1.949512144490705978e-02,-4.427282547890043496e-02,-6.527886744838995448e-02,-8.151705547386578488e-02,-9.208728727802939495e-02,-9.628090063748273586e-02,-9.366775693751105969e-02,-8.415742869368836310e-02,-6.802026195083588078e-02,-4.586237939148563036e-02,-1.855932464169907092e-02,1.283777427870413934e-02,4.720506150660752631e-02,8.344035950577677330e-02,1.205368782537874495e-01,1.576308527609500132e-01,1.940238346909587408e-01
-2.290606888130385155e+00,-2.378637587885414018e+00,-2.453598175520832925e+00,-2.511188227998896849e+00,-2.547089463699946155e+00,-2.557373040976261613e+00,-2.538973418126222459e+00,-2.490151367669195981e+00,-2.410845888619319588e+00,-2.302820426826542199e+00,-2.169549398145909525e+00,-2.015856217630533465e+00,-1.847379160118113983e+00,-1.669980107796658952e+00,-1.489210521769243734e+00,-1.309914931426045204e+00,-1.136003845131480894e+00,-9.703849053396609303e-01,-8.150147033407482144e-01,-6.710253010127724682e-01
