-2.826055391361267155e+00,-2.854414469114924024e+00,-2.870280783214612441e+00,-2.870266349830700392e+00,-2.850658684560662515e+00,-2.807613041053484970e+00,-2.737459302284328988e+00,-2.637126663149127914e+00,-2.504657380333556116e+00,-2.339737323131989122e+00,-2.144128420852189354e+00,-1.921868287965898592e+00,-1.679127833065644282e+00,-1.423695536925214444e+00,-1.164165815891196498e+00,-9.090028752996728301e-01,-6.656860777505746452e-01,-4.401033094808983748e-01,-2.362689660875607611e-01,-5.634739772826180548e-02
-1.376328594907981984e+00,-1.462350090227601651e+00,-1.541595220689896628e+00,-1.610644483681908934e+00,-1.665857802281456745e+00,-1.703673797965293613e+00,-1.720991396695264353e+00,-1.715578519934835455e+00,-1.686425522081501427e+00,-1.633955500238966074e+00,-1.560029154711708443e+00,-1.467733717942353522e+00,-1.361003935525952890e+00,-1.244163804869477641e+00,-1.121485845761209355e+00,-9.968420955177248466e-01,-8.734827043758268683e-01,-7.539412186971883312e-01,-6.400413436288228120e-01,-5.329705236515613898e-01
-1.797941549483244472e+00,-1.723311977163790143e+00,-1.635027133601704374e+00,-1.532174087376268368e+00,-1.414287036547025700e+00,-1.281547656381706535e+00,-1.134983200519235957e+00,-9.766223634176769419e-01,-8.095591028350248575e-01,-6.378769722187855873e-01,-4.664071177202129270e-01,-3.003315709253848720e-01,-1.446894275221797255e-01,-3.878719658807927573e-03,1.187458525177059743e-01,2.211049828020983377e-01,3.024305621553770029e-01,3.631294119516451646e-01,4.045328805101254810e-01,4.285999170078438336e-01
-7.616657698973294810e-01,-7.147702704582579170e-01,-6.661761467900297884e-01,-6.168517206295718314e-01,-5.679888303320068665e-01,-5.209463137397620791e-01,-4.771568223475821657e-01,-4.380054980043026625e-01,-4.046984690118307082e-01,-3.781449851898122105e-01,-3.588761579696024828e-01,-3.470151579641300721e-01,-3.423011116645482410e-01,-3.441565902933421128e-01,-3.517807439325244534e-01,-3.642485570246611903e-01,-3.806003655494418769e-01,-3.999120790078873888e-01,-4.213428766442932627e-01,-4.441618608680355518e-01
-1.510502835644794928e+00,-1.523405402535878306e+00,-1.533066514550386117e+00,-1.538913873827180812e+00,-1.540331341120696695e+00,-1.536667959665448890e+00,-1.527251569527733999e+00,-1.511407664732801859e+00,-1.488483873439545135e+00,-1.457879988813977068e+00,-1.419082832054741505e+00,-1.371704412589899391e+00,-1.315520939149623647e+00,-1.250509364995020078e+00,-1.176877509956101964e+00,-1.095083603268303118e+00,-1.005841516726338813e+00,-9.101090932338820050e-01,-8.090587527740293883e-01,-7.040317307104200228e-01
-6.731515360828943528e-02,-1.270105020092209269e-01,-1.762345077215896616e-01,-2.102365359240707665e-01,-2.251502556349671558e-01,-2.189452334191466232e-01,-1.920040608398425608e-01,-1.470469570381178759e-01,-8.843326546497110030e-02,-2.115844588287885131e-02,5.006293004577688777e-02,1.213823001387396294e-01,1.900323317564155401e-01,2.542706682478492741e-01,3.131849508969384299e-01,3.664629792761465721e-01,4.141864727667180501e-01,4.566706320302141853e-01,4.943506272217120801e-01,5.277070540481217931e-01
-4.657668132164409780e-01,-4.923785597462577712e-01,-5.182608212075334730e-01,-5.430341448432030038e-01,-5.662679313520893043e-01,-5.874840586131122588e-01,-6.061644118173843410e-01,-6.217630307682806556e-01,-6.337233165168745241e-01,-6.415002835410748006e-01,-6.445872031914645639e-01,-6.425452101544926187e-01,-6.350336457540153301e-01,-6.218382524094674402e-01,-6.028939993927786567e-01,-5.782994723174417206e-01,-5.483204730430144558e-01,-5.133816958454269219e-01,-4.740468707430942619e-01,-4.309892956461731650e-01
-6.822419756715583095e-01,-6.694348675397390203e-01,-6.449514498182353783e-01,-6.079160394647247223e-01,-5.579746889027525913e-01,-4.954205040919485992e-01,-4.212553498239581806e-01,-3.371641287954072475e-01,-2.453954031339720121e-01,-1.485644886768326955e-01,-4.941430483886466440e-02,4.942206479346589187e-02,1.456176576150415292e-01,2.372819958914789140e-01,3.230190293953939529e-01,4.019215618033356030e-01,4.735199802673509817e-01,5.377052562232284005e-01,5.946435017876867679e-01,6.446944055840466703e-01
-1.969162351370279396e-01,-2.424507473963846138e-01,-2.923139183453253853e-01,-3.465586232657158483e-01,-4.050577222134559285e-01,-4.674333520014786192e-01,-5.329798299149492991e-01,-6.005909671682054807e-01,-6.687095086813898970e-01,-7.353225997158867600e-01,-7.980289503406379215e-01,-8.541960988850723080e-01,-9.012067897389868243e-01,-9.367642205424138169e-01,-9.591967602453081998e-01,-9.676887617368647998e-01,-9.623767630342610069e-01,-9.442881271338892102e-01,-9.151458838818207209e-01,-8.770980222001429905e-01
-1.697448915556504456e+00,-1.814749427772444079e+00,-1.941038829911949648e+00,-2.075231369164184603e+00,-2.214918722309795918e+00,-2.355705555966563391e+00,-2.490407777297532821e+00,-2.608281936804927703e+00,-2.694688745121200046e+00,-2.731880379312637164e+00,-2.701699911282223976e+00,-2.590432711698130497e+00,-2.394564437268464019e+00,-2.124515600406177374e+00,-1.803448933069466964e+00,-1.461013999836833666e+00,-1.125307028229270312e+00,-8.170624462230353657e-01,-5.478292739681194234e-01,-3.212724003781177728e-01
-9.706620743582630162e-01,-1.005009232875686109e+00,-1.039362141104719583e+00,-1.073377163912516696e+00,-1.106639503791528423e+00,-1.138657890706698428e+00,-1.168861841497949250e+00,-1.196602795935421071e+00,-1.221160605943815813e+00,-1.241756881073980967e+00,-1.257576484694755692e+00,-1.267797939492518733e+00,-1.271632575903904439e+00,-1.268370952951526132e+00,-1.257433521363447770e+00,-1.238420944790856293e+00,-1.211158324507692452e+00,-1.175727200949960860e+00,-1.132479949008716957e+00,-1.082033115800009604e+00
-1.025745417985653773e+00,-1.016174564823291160e+00,-9.917398547811178133e-01,-9.512426971299767775e-01,-8.942664238496240703e-01,-8.213535618778038394e-01,-7.340671981019222248e-01,-6.349036775559049328e-01,-5.270605971310804438e-01,-4.141038393447920019e-01,-2.996036254769469664e-01,-1.868117438111402961e-01,-7.843169771526947720e-02,2.349812409925300383e-02,1.176174462088074302e-01,2.031806386174273005e-01,2.799495308762656176e-01,3.480712382774532321e-01,4.079612778067004397e-01,4.602033944717767167e-01
-2.722765440495640288e-01,-2.862596116454436679e-01,-2.999236965507829922e-01,-3.128978170521514723e-01,-3.247300544215008244e-01,-3.348937261432649581e-01,-3.428061323663142979e-01,-3.478629533162820309e-01,-3.494890459760766621e-01,-3.472022952242466154e-01,-3.406819585301668063e-01,-3.298283228204108575e-01,-3.147988747425760625e-01,-2.960094641924011505e-01,-2.740970186976423584e-01,-2.498505678637423788e-01,-2.241255344860340060e-01,-1.977591731331298508e-01,-1.715020997324703256e-01,-1.459741548546322765e-01
-2.998576108688545183e+00,-2.967954124830997298e+00,-2.922152991446780756e+00,-2.860137152016517970e+00,-2.781186496660462915e+00,-2.684984596694252268e+00,-2.571693835998829503e+00,-2.442006762922232621e+00,-2.297164006768770861e+00,-2.138932128870180360e+00,-1.969539569735381690e+00,-1.791574625215164751e+00,-1.607854951964447388e+00,-1.421282212034925774e+00,-1.234697190166898828e+00,-1.050749751012108657e+00,-8.717947398326744146e-01,-6.998202853700916659e-01,-5.364100480125668646e-01,-3.827367370422487536e-01
5.014074643691364130e-01,4.559476681311568358e-01,4.155270757869894416e-01,3.874027703128873901e-01,3.791269625656260578e-01,3.952634668025803988e-01,4.345443870384788632e-01,4.900693723154041503e-01,5.526033242855499239e-01,6.142183353093708664e-01,6.700169628059247096e-01,7.179490873512934801e-01,7.578376282298036060e-01,7.904488595768550674e-01,8.168819658207769896e-01,8.382478917384988959e-01,8.555326594860053202e-01,8.695582920863351717e-01,8.809881115516100536e-01,8.903484568705172242e-01
-7.990038765570022239e-01,-7.792777915247064424e-01,-7.482150926792630052e-01,-7.052736520994362657e-01,-6.503801186831743575e-01,-5.840057074471927123e-01,-5.071905945103927227e-01,-4.215049058851492170e-01,-3.289461623954770264e-01,-2.317864780677658665e-01,-1.323935009027574772e-01,-3.305350936493844927e-02,6.417787517570849865e-02,1.575805593936162596e-01,2.458245849491237367e-01,3.279784023930872872e-01,4.034811432612982474e-01,4.720917126546874121e-01,5.338268523677178745e-01,5.888977895965882281e-01
-4.869987251461151967e-01,-4.630931738550834176e-01,-4.415278785840017761e-01,-4.231369117168874983e-01,-4.089017176980778157e-01,-3.999517114577739729e-01,-3.975516999986359323e-01,-4.030704321105316179e-01,-4.179244684791594278e-01,-4.434928669125290934e-01,-4.810016203482199160e-01,-5.313828255770345343e-01,-5.951218811353213844e-01,-6.721150019722328395e-01,-7.615659424712388770e-01,-8.619512425077424655e-01,-9.710747283897720461e-01,-1.086214665907733412e+00,-1.204345313986729060e+00,-1.322396083189635974e+00
-2.006858914938860483e+00,-2.069919395132986395e+00,-2.091594061624388878e+00,-2.065313452093314517e+00,-1.988475125685991607e+00,-1.863425802552940436e+00,-1.697321633624999215e+00,-1.500837330787906154e+00,-1.286181832602970587e+00,-1.065107142074991131e+00,-8.474625731609615187e-01,-6.405058891576165259e-01,-4.488731691842275939e-01,-2.749603922276258050e-01,-1.194708067126180051e-01,1.804219269349094379e-02,1.387228232103319137e-01,2.440762806029300735e-01,3.357390669693336438e-01,4.153344054740195634e-01
9.961083507874290977e-02,1.260891466176216058e-01,1.643564697341391989e-01,2.130654552621968900e-01,2.698934398176943139e-01,3.318992853084227201e-01,3.959889560026043087e-01,4.593480042451850709e-01,5.197347410560733127e-01,5.755993167996227289e-01,6.260567209331610039e-01,6.707713612825464411e-01,7.098094451290339890e-01,7.434979820453033739e-01,7.723098140518301902e-01,7.967797393978125475e-01,8.174488136210326106e-01,8.348307889233094192e-01,8.493943658783948969e-01,8.615559152785622343e-01
-2.850137452604794230e+00,-2.853833016236019482e+00,-2.838993212931560262e+00,-2.803761656984437245e+00,-2.746861387382817821e+00,-2.667782277783777189e+00,-2.566920162702799768e+00,-2.445637549620883977e+00,-2.306225962942690888e+00,-2.151767042774269889e+00,-1.985909193752253277e+00,-1.812592999795791027e+00,-1.635766818813785495e+00,-1.459131978553069420e+00,-1.285946477674014155e+00,-1.118901250217626764e+00,-9.600685654466700747e-01,-8.109114117488325224e-01,-6.723371027130007338e-01,-5.447773966949089886e-01
-9.822020038304990486e-02,-1.051003367736289551e-01,-1.111981185649204562e-01,-1.162713933936498911e-01,-1.200576568863613858e-01,-1.222844798131732524e-01,-1.226845069098529972e-01,-1.210147101055800700e-01,-1.170786143076791852e-01,-1.107491227042629589e-01,-1.019886425687521747e-01,-9.086282646183607703e-02,-7.754471688060848855e-02,-6.230750184932043467e-02,-4.550619047599746558e-02,-2.755072337900132950e-02,-8.874665949021975919e-03,1.009579267548121884e-02,2.896838471774831891e-02,4.740411328975369099e-02
-6.063248368022392754e+00,-6.060358163876739646e+00,-6.023360565825318425e+00,-5.946366342584756381e+00,-5.823857106158144781e+00,-5.651264127970375029e+00,-5.425640692553050926e+00,-5.146340837512552113e+00,-4.815575945189875640e+00,-4.438702601909663592e+00,-4.024119463137700414e+00,-3.582724004014932184e+00,-3.126986030455812582e+00,-2.669797031360565231e+00,-2.223312000066201666e+00,-1.797990501350715142e+00,-1.401974438616315766e+00,-1.040843493900422967e+00,-7.177028441938315684e-01,-4.335056403260164615e-01
4.455343138026934824e-02,-3.112720730367302124e-02,-1.128008521080987592e-01,-1.997123115116310466e-01,-2.905102064248317184e-01,-3.831250124355090048e-01,-4.747067548824057681e-01,-5.616756806702296601e-01,-6.399355816179881362e-01,-7.052694948868005742e-01,-7.538790572969618076e-01,-7.829590300352722299e-01,-7.911536160025274267e-01,-7.787563629321760938e-01,-7.475952959883556126e-01,-7.006521284571081143e-01,-6.415433934452257070e-01,-5.740079976681924379e-01,-5.015065267114369174e-01,-4.269756654314842415e-01
-5.870581822625845270e+00,-5.784037204579162150e+00,-5.669689812785028593e+00,-5.525167356294116594e+00,-5.348608504806533936e+00,-5.138889960729147610e+00,-4.895853331600156011e+00,-4.620503470267228074e+00,-4.315145036484786978e+00,-3.983424694806025457e+00,-3.630254530497637688e+00,-3.261608033196277567e+00,-2.884200888501198712e+00,-2.505090005963062083e+00,-2.131239933880018533e+00,-1.769111490399125408e+00,-1.424321533516497151e+00,-1.101407384199123651e+00,-8.037092582207214786e-01,-5.333646146081565398e-01
-4.794536066200219437e+00,-4.679285580865095717e+00,-4.548212107399372428e+00,-4.400409945327951711e+00,-4.235170059918051955e+00,-4.052055729466937706e+00,-3.850983914081782977e+00,-3.632307158848367301e+00,-3.396888789242200168e+00,-3.146162386145479495e+00,-2.882165535621304286e+00,-2.607538172499856088e+00,-2.325477913802873164e+00,-2.039648758945683316e+00,-1.754045117156366462e+00,-1.472819490337752946e+00,-1.200088063645689651e+00,-9.397325901915276614e-01,-6.952182367768808824e-01,-4.694450647981305291e-01
-9.616974768079633584e-02,-1.350149970931819876e-01,-1.723360978004953026e-01,-2.068437244766869743e-01,-2.371124215459989859e-01,-2.616832769350843080e-01,-2.792029900947936571e-01,-2.885813604863622928e-01,-2.891379239762792430e-01,-2.807042444436416151e-01,-2.636553241215653376e-01,-2.388609129609398085e-01,-2.075688022371622310e-01,-1.712487475070809673e-01,-1.314313865500891243e-01,-8.957101165519332220e-02,-4.694880870186346478e-02,-4.620137801692791868e-03,3.660013297185471526e-02,7.612489314702586274e-02
-1.498233224184419399e+00,-1.653588899038856308e+00,-1.815360870510225322e+00,-1.973571306062834818e+00,-2.110818307869084087e+00,-2.200794240812275149e+00,-2.210377133917343695e+00,-2.108641021019860506e+00,-1.882475185085560554e+00,-1.549713709149822094e+00,-1.156568834830782322e+00,-7.581716758721157579e-01,-3.974294844447014974e-01,-9.613310672079600216e-02,1.418082509507894162e-01,3.227199372322286930e-01,4.567475180619899877e-01,5.541717466431899108e-01,6.238493165045368993e-01,6.728351913618126900e-01
-4.906935881705061231e-01,-3.808092074496414181e-01,-2.557708632010007310e-01,-1.227930899021805189e-01,1.036545463964233527e-02,1.367929704973702698e-01,2.513935369255676511e-01,3.512243734979708654e-01,4.352927326002696828e-01,5.040590594325414786e-01,5.588830670693054614e-01,6.015568625546543480e-01,6.339758559301502672e-01,6.579397362530640114e-01,6.750520603487318860e-01,6.866846320525142877e-01,6.939795385914537817e-01,6.978701738692967282e-01,6.991097180613687900e-01,6.983006121909373087e-01
8.890115478451499076e-02,1.488637922766087307e-01,2.118661858522604691e-01,2.757684019307190537e-01,3.384132954965023421e-01,3.978593184191832055e-01,4.525590889829685937e-01,5.014541887689987210e-01,5.439837667153618606e-01,5.800261332601613917e-01,6.098022492917576365e-01,6.337685475818266578e-01,6.525186389660193598e-01,6.667041896159825454e-01,6.769777681874376007e-01,6.839558040905520109e-01,6.881976685144284289e-01,6.901964726287399543e-01,6.903776752500887515e-01,6.891024355151476044e-01
-2.167910704989364223e-01,-2.534384868647105993e-01,-2.880276496342080161e-01,-3.194157222894771220e-01,-3.463457357302921480e-01,-3.675170476700695410e-01,-3.816840511934163072e-01,-3.877752859090168869e-01,-3.850171269963171827e-01,-3.730401850551179344e-01,-3.519455947595842016e-01,-3.223143852598597814e-01,-2.851552132020507280e-01,-2.418000537851732190e-01,-1.937688469224863042e-01,-1.426287392555474209e-01,-8.987070835538113478e-02,-3.681828805481379696e-02,1.542649307466836817e-02,6.600283352832692074e-02
