-1.788022108570024749e+00,-1.725179714686983168e+00,-1.637838641894977965e+00,-1.526202672258596849e+00,-1.392134435157169836e+00,-1.239161778198791364e+00,-1.072206225477200903e+00,-8.970679767770990409e-01,-7.197768074151411621e-01,-5.459549996988179998e-01,-3.803216027411260303e-01,-2.264097714964270480e-01,-8.650100239946389991e-02,3.827056564386144277e-02,1.477121153437747081e-01,2.423289255096182648e-01,3.230908809857446773e-01,3.912351397918006901e-01,4.481145813532588784e-01,4.950907594757547603e-01
-1.598141530860389015e+00,-1.678401154060056744e+00,-1.753186987203255054e+00,-1.819851358319523715e+00,-1.875493728239379987e+00,-1.917121106802714969e+00,-1.941873699800959585e+00,-1.947299408785061914e+00,-1.931642362392488099e+00,-1.894095673089641441e+00,-1.834964476515161369e+00,-1.755697164821444556e+00,-1.658769677806326115e+00,-1.547441692713149575e+00,-1.425432464011584521e+00,-1.296577808877498406e+00,-1.164525158372910596e+00,-1.032505196916348122e+00,-9.031950974582747538e-01,-7.786678980112342607e-01
-1.850778056507468072e+00,-1.848948218155098466e+00,-1.830904264479222388e+00,-1.793988927241527698e+00,-1.735942560969437665e+00,-1.655245883782498595e+00,-1.551468698670540380e+00,-1.425550915031944310e+00,-1.279933086365196537e+00,-1.118472315305547582e+00,-9.461276727963228161e-01,-7.684631465364735181e-01,-5.910695935466829809e-01,-4.190264766865761104e-01,-2.565023341542651547e-01,-1.065432091416020910e-01,2.895567185520186992e-02,1.491380282101775201e-01,2.539926596522029678e-01,3.441314430583443107e-01
-2.715092909751000150e+00,-2.790732434942193141e+00,-2.861411176080538521e+00,-2.925271086557758249e+00,-2.980225657482129531e+00,-3.024001831894103098e+00,-3.054211715078295697e+00,-3.068457595956395778e+00,-3.064469932397094531e+00,-3.040272235203095086e+00,-2.994359804791473234e+00,-2.925872401652024113e+00,-2.834736195039508910e+00,-2.721749897721265743e+00,-2.588595293149061227e+00,-2.437763227796888366e+00,-2.272400422906419859e+00,-2.096096503810231049e+00,-1.912640583136398842e+00,-1.725779986198305416e+00
-4.957137472918473620e-01,-5.826073405700535890e-01,-6.715709602744395212e-01,-7.602872162957243773e-01,-8.458522239266184073e-01,-9.249182189590132719e-01,-9.939624002763063348e-01,-1.049662960649795806e+00,-1.089320639797888290e+00,-1.111231568638717082e+00,-1.114915092139111330e+00,-1.101136709327251051e+00,-1.071727914841409834e+00,-1.029263133549072506e+00,-9.766837871185136688e-01,-9.169536113982978964e-01,-8.527990049003222328e-01,-7.865520815789033282e-01,-7.200864412904206535e-01,-6.548215815692015607e-01
-1.330063571844863901e+00,-1.339203275974366836e+00,-1.345144275374733134e+00,-1.347210465761156328e+00,-1.344688048179147444e+00,-1.336855177164740560e+00,-1.323023223985719365e+00,-1.302589129535581591e+00,-1.275096045364080055e+00,-1.240296674368362329e+00,-1.198211003195255753e+00,-1.149168359639979986e+00,-1.093823910947047118e+00,-1.033142495088310575e+00,-9.683479201498623734e-01,-9.008424582284295656e-01,-8.321073425255804956e-01,-7.635987564021449181e-01,-6.966539707052921138e-01,-6.324190868471728511e-01
-2.472968009043919668e+00,-2.595277708231492397e+00,-2.717238693315730647e+00,-2.836234180494190404e+00,-2.948912505510632887e+00,-3.051142161116942475e+00,-3.138042413458952851e+00,-3.204129475884214706e+00,-3.243615352524336082e+00,-3.250878231570585974e+00,-3.221085270454554284e+00,-3.150893846655970165e+00,-3.039101176018372819e+00,-2.887081073659174546e+00,-2.698866782720323432e+00,-2.480817803673891042e+00,-2.240922967720170522e+00,-1.987894366601115514e+00,-1.730252908629278608e+00,-1.475581577953778201e+00
-2.633161282321572205e-01,-4.670801054193538526e-01,-6.847168711162541221e-01,-9.029021229261975368e-01,-1.103881140820987650e+00,-1.268857962135560236e+00,-1.382910575958689936e+00,-1.439144084694672365e+00,-1.439875610775712467e+00,-1.394530811734794096e+00,-1.315874608129571133e+00,-1.216576033992819106e+00,-1.107159004011892378e+00,-9.953275672182020362e-01,-8.861590699400023752e-01,-7.826595805141132178e-01,-6.863642838005419300e-01,-5.978417344659514576e-01,-5.170673437337878209e-01,-4.436793680736912382e-01
-1.646881235200299276e-01,-1.745915732555067823e-01,-1.823639807381474132e-01,-1.874737716680041633e-01,-1.894259175615771174e-01,-1.878154806874998695e-01,-1.823822557035914560e-01,-1.730560389148099176e-01,-1.599817097354614415e-01,-1.435164963401571736e-01,-1.241980389346708513e-01,-1.026890870068903894e-01,-7.971012378864550385e-02,-5.597293758368127037e-02,-3.212596290842695268e-02,-8.717542238678710476e-03,1.382180989076176036e-02,3.518089634408627653e-02,5.515778415205829788e-02,7.364316711443485985e-02
-9.587310534844930565e-01,-9.741562720339056458e-01,-9.843481714075950073e-01,-9.882808953886847991e-01,-9.848976934037312336e-01,-9.731603454503210404e-01,-9.521132248901926776e-01,-9.209595488639328309e-01,-8.791442597116236879e-01,-8.264347118014203630e-01,-7.629877657381722855e-01,-6.893910603342232601e-01,-6.066680181187344978e-01,-5.162408007179537517e-01,-4.198522760299951972e-01,-3.194554816608541348e-01,-2.170850298636497477e-01,-1.147277028538280508e-01,-1.420846150635268756e-02,8.289618859285130537e-02
-2.279973152395300406e-01,-3.650850840011554688e-01,-5.265019021084644812e-01,-6.988580122905361236e-01,-8.590863757994480210e-01,-9.815249201693532211e-01,-1.049564007814399069e+00,-1.062500915663299406e+00,-1.032337899166169581e+00,-9.753781633775711057e-01,-9.057592395806224328e-01,-8.331482214566119371e-01,-7.631185322261082593e-01,-6.983777656806242629e-01,-6.399048914958056500e-01,-5.877437636352573769e-01,-5.414865630420797604e-01,-5.005445129597489995e-01,-4.642893986880847201e-01,-4.321218751818804993e-01
-4.470590661019727463e+00,-4.832005304853942640e+00,-5.147830980035855042e+00,-5.388682461498141230e+00,-5.526145889213212037e+00,-5.539038301935019781e+00,-5.419303414171504407e+00,-5.174906678927552406e+00,-4.828152811399232469e+00,-4.410124729324365944e+00,-3.953758814698137947e+00,-3.488174512282522954e+00,-3.035589272605338174e+00,-2.610701476000351295e+00,-2.221655486443089966e+00,-1.871651650363930663e+00,-1.560565877876822327e+00,-1.286277181991054785e+00,-1.045629515791929975e+00,-8.350679279205444061e-01
-6.364807696835859119e-01,-6.775759719518619217e-01,-7.178494236630887926e-01,-7.566294485426161565e-01,-7.931380171949871105e-01,-8.264992660510304123e-01,-8.557582701421087013e-01,-8.799119024728312422e-01,-8.979525544949380489e-01,-9.089237780469321404e-01,-9.119846493807843846e-01,-9.064771962010227391e-01,-8.919891460458833077e-01,-8.684032428063437337e-01,-8.359250226058989597e-01,-7.950834475660402134e-01,-7.467028109795483815e-01,-6.918489578700683929e-01,-6.317569501868136594e-01,-5.677498280611688042e-01
-1.447967574922672807e-01,-1.124581457925246664e-01,-7.567597985904050972e-02,-3.441867803165710171e-02,1.119913077806100610e-02,6.089031637608011138e-02,1.141776842644490753e-01,1.703899359049780848e-01,2.286750691219631149e-01,2.880330783347515577e-01,3.473667768161347036e-01,4.055461507867187398e-01,4.614787587306287131e-01,5.141771885123900265e-01,5.628149932665889033e-01,6.067647596651493114e-01,6.456153590319975155e-01,6.791690295816878997e-01,7.074218438548491861e-01,7.305327954634031062e-01
-1.182906038065201226e+00,-1.143813872788218333e+00,-1.099551093980784433e+00,-1.049577120491027138e+00,-9.933563088388577267e-01,-9.303891036909512913e-01,-8.602556969180801261e-01,-7.826740595961054758e-01,-6.975728701247250196e-01,-6.051772928496841342e-01,-5.061014925529923048e-01,-4.014362959569766076e-01,-2.928143570374150961e-01,-1.824304178427105239e-01,-7.299364466411462082e-02,3.240438939085188430e-02,1.305071873984526842e-01,2.181753862299150581e-01,2.926903091073436158e-01,3.520227301007806675e-01
-7.795392497099968843e-01,-9.006590607575390983e-01,-1.031076065780781814e+00,-1.168985964095021757e+00,-1.311020112175674157e+00,-1.451766361051515464e+00,-1.583441963980152245e+00,-1.695990533950442636e+00,-1.777926093942274299e+00,-1.818114376237352836e+00,-1.808271074462533878e+00,-1.745389138477409396e+00,-1.632999936661018836e+00,-1.480544937921408621e+00,-1.301077250190957990e+00,-1.108334157853648527e+00,-9.143236418583484681e-01,-7.280286052988913514e-01,-5.551873214056841643e-01,-3.987570614511157796e-01
-3.575810384413993681e+00,-3.513489766592118535e+00,-3.416059741186061594e+00,-3.283356529626012765e+00,-3.117132446737893581e+00,-2.921066201087262559e+00,-2.700513028012680117e+00,-2.462025890999424149e+00,-2.212735292251829744e+00,-1.959705026225841529e+00,-1.709374933061649671e+00,-1.467165795216673452e+00,-1.237273158882336688e+00,-1.022633975771001680e+00,-8.250233826033632756e-01,-6.452304232574124221e-01,-4.832665285505144404e-01,-3.385724798839622185e-01,-2.102028021368405053e-01,-9.697771672742172555e-02
-7.770105273808727286e-01,-8.847480464409711587e-01,-9.938208952827540799e-01,-1.100287144420214247e+00,-1.199179274047776023e+00,-1.284835735631707276e+00,-1.351527306558921282e+00,-1.394310354010539044e+00,-1.409911710492910863e+00,-1.397372901588112448e+00,-1.358225711196543006e+00,-1.296137621653463246e+00,-1.216165934346412403e+00,-1.123878946496797315e+00,-1.024590656175135006e+00,-9.228505883886894967e-01,-8.222102845787992997e-01,-7.252084147437736217e-01,-6.334894926756939881e-01,-5.479805989986399339e-01
-7.502153340556496630e-01,-1.100046066985284288e+00,-1.489323839668367899e+00,-1.856280628179422632e+00,-2.105803868962619507e+00,-2.159675064570991232e+00,-2.015925833223503272e+00,-1.744776259001159513e+00,-1.430595486620241275e+00,-1.130111701198322827e+00,-8.682585456951410485e-01,-6.501113033291741061e-01,-4.718688165412716629e-01,-3.270340103009836685e-01,-2.091160916065333275e-01,-1.125498532831525900e-01,-3.285444444038421175e-02,3.348011461812128164e-02,8.917425079339358351e-02,1.363326080939686324e-01
-5.507017403661123023e-01,-5.883726236785893349e-01,-6.233363402599936265e-01,-6.540962594675572284e-01,-6.790101004423645392e-01,-6.964087583137130721e-01,-7.047616814696220366e-01,-7.028701292371251075e-01,-6.900536504781089597e-01,-6.662859842698480861e-01,-6.322414241862230888e-01,-5.892332502014283602e-01,-5.390554911709943831e-01,-4.837656105592109679e-01,-4.254576819731394899e-01,-3.660700461085049096e-01,-3.072537377885813381e-01,-2.503075233408269540e-01,-1.961698359405634751e-01,-1.454502834956463708e-01
-1.101781887302758278e+00,-1.069143050912450654e+00,-1.030631439881498856e+00,-9.857276032578252689e-01,-9.339625027518891898e-01,-8.749541865827099585e-01,-8.084510059293685824e-01,-7.343794327618691220e-01,-6.528929457828618332e-01,-5.644167302330664882e-01,-4.696814533671256342e-01,-3.697386434883758177e-01,-2.659507698838792233e-01,-1.599513906411480502e-01,-5.357470582784662483e-02,5.124104542994256661e-02,1.525667950955216234e-01,2.485991809273268016e-01,3.377659293976270627e-01,4.188074197000063448e-01
-4.817985179347175073e-01,-5.646103638881923015e-01,-6.208471053811679408e-01,-6.447054700828942497e-01,-6.351516145339968222e-01,-5.959893294149296583e-01,-5.343242882196537202e-01,-4.583687047956930272e-01,-3.756173996436145135e-01,-2.918789117794793331e-01,-2.110820622646272238e-01,-1.355362366601031709e-01,-6.634980757691821829e-02,-3.832004339024530637e-03,5.219102320340318624e-02,1.021546238446147115e-01,1.466123197569529912e-01,1.861491850831609174e-01,2.213331279371595350e-01,2.526900984475342060e-01
-1.020023021372459482e+00,-9.196609389699794690e-01,-8.125741221239140000e-01,-6.994280709449343103e-01,-5.811985373172383618e-01,-4.591884114823301388e-01,-3.350219033820824865e-01,-2.106101322024123146e-01,-8.808499919645540466e-02,3.029744529653743967e-02,1.422776286252388500e-01,2.457254300830856719e-01,3.387702829616631162e-01,4.199123633005173994e-01,4.881012532986834795e-01,5.427736835534064941e-01,5.838486517532679443e-01,6.116846975853342805e-01,6.270089149721118638e-01,6.308296024358628351e-01
-2.958071682155804183e+00,-2.996605234728543010e+00,-3.018430006395605325e+00,-3.020015798609427371e+00,-2.998313814726982773e+00,-2.951202713479303963e+00,-2.877908439737295598e+00,-2.779294013983643730e+00,-2.657925332950885178e+00,-2.517867921736533621e+00,-2.364243776662058316e+00,-2.202646358309844121e+00,-2.038545075897751691e+00,-1.876796700702213716e+00,-1.721332604191026405e+00,-1.575033278245927537e+00,-1.439757767515891462e+00,-1.316475027352716154e+00,-1.205444148965210793e+00,-1.106402280174394015e+00
-9.210681661942501375e-01,-9.336396187709208316e-01,-9.447476926850948420e-01,-9.539202483052839909e-01,-9.605894922428859228e-01,-9.640804849007018618e-01,-9.636021636937148749e-01,-9.582434912748840627e-01,-9.469783918510161769e-01,-9.286842474379235490e-01,-9.021796028845718851e-01,-8.662868630558018257e-01,-8.199244074102780555e-01,-7.622288210495904437e-01,-6.927011947719248219e-01,-6.113618784237853099e-01,-5.188874862336554372e-01,-4.166961477842676675e-01,-3.069470372943041703e-01,-1.924321167442692992e-01
-3.362750153761246530e+00,-3.536816956705839843e+00,-3.685265554415559919e+00,-3.795268169506790912e+00,-3.854148578024103600e+00,-3.851581873701384495e+00,-3.781940457203964101e+00,-3.645990758778995477e+00,-3.451203016758935149e+00,-3.210440155085043656e+00,-2.939482430529158030e+00,-2.654280484400239004e+00,-2.368769891582016118e+00,-2.093662333439314960e+00,-1.836176671369950775e+00,-1.600412792018492958e+00,-1.388028346438622496e+00,-1.198962680662072788e+00,-1.032066217462853430e+00,-8.855837507397918973e-01
-3.250319363156009445e+00,-3.448107282425827869e+00,-3.566491020363643294e+00,-3.588856573832952535e+00,-3.510260809439980534e+00,-3.339195059420525524e+00,-3.095114366112431625e+00,-2.803030649239670602e+00,-2.487764448068220169e+00,-2.169931216595963885e+00,-1.864284054767485266e+00,-1.579890353844790596e+00,-1.321254269722776709e+00,-1.089669490420484443e+00,-8.844109900079786257e-01,-7.036312094447587651e-01,-5.449669813960129616e-01,-4.059174207467461937e-01,-2.840602152451359164e-01,-1.771623914596065497e-01
-2.823681737332592423e+00,-2.940195269304511250e+00,-3.044993446835325912e+00,-3.128121888896528979e+00,-3.176723244545194724e+00,-3.175710588643814170e+00,-3.109744266036726046e+00,-2.966744553304581977e+00,-2.742343409545261679e+00,-2.443522860482875370e+00,-2.089165425353505690e+00,-1.706395194358278466e+00,-1.324043614062295315e+00,-9.663035105320554319e-01,-6.491153301364573913e-01,-3.798178442818322953e-01,-1.589611851666796749e-01,1.719179280319682590e-02,1.544664996246688515e-01,2.592488657647519235e-01
-6.936082389924276725e+00,-7.028564512598093117e+00,-7.055078869661970842e+00,-7.004014054413614687e+00,-6.867096785697680339e+00,-6.641155008169437046e+00,-6.329335566294560955e+00,-5.941337202996122002e+00,-5.492465790747922405e+00,-5.001688763598137299e+00,-4.489185748413683896e+00,-3.974005996188308742e+00,-3.472317289774480287e+00,-2.996463814849970042e+00,-2.554786580323440415e+00,-2.151997246794785212e+00,-1.789852876444862240e+00,-1.467918657836060792e+00,-1.184278456512708910e+00,-9.361230059659839675e-01
-1.328143759165639981e+00,-1.365371699891918755e+00,-1.394717939449892530e+00,-1.414422010538907593e+00,-1.422785325960484570e+00,-1.418306637607214427e+00,-1.399831192089047605e+00,-1.366694136706773754e+00,-1.318834147919072386e+00,-1.256853824241847217e+00,-1.182010443055451887e+00,-1.096133285103990662e+00,-1.001478529022799879e+00,-9.005451206789680807e-01,-7.958811913581882447e-01,-6.899091286296841208e-01,-5.847897133070418807e-01,-4.823350787384890204e-01,-3.839700855848722227e-01,-2.907344004263185955e-01
1.000000000000000000e+00,1.000000000000000000e+00,1.000000000000000000e+00,1.000000000000000000e+00,1.000000000000000000e+00,1.000000000000000000e+00,1.000000000000000000e+00,1.000000000000000000e+00,1.000000000000000000e+00,1.000000000000000000e+00,1.000000000000000000e+00,1.000000000000000000e+00,1.000000000000000000e+00,1.000000000000000000e+00,1.000000000000000000e+00,1.000000000000000000e+00,1.000000000000000000e+00,1.000000000000000000e+00,1.000000000000000000e+00,1.000000000000000000e+00
