ID	Symbols	Sites	Effect	IGF1-DMSO-12hr	IGF1-DMSO-15min	IGF1-DMSO-24hr	IGF1-DMSO-2hr	IGF1-DMSO-30min	IGF1-DMSO-48hr	IGF1-DMSO-4hr	IGF1-DMSO-5min	IGF1-DMSO-60min	Serum-DMSO-12hr	Serum-DMSO-15min	Serum-DMSO-24hr	Serum-DMSO-2hr	Serum-DMSO-30min	Serum-DMSO-48hr	Serum-DMSO-4hr	Serum-DMSO-5min	Serum-DMSO-60min
14-3-3-epsilon	YWHAE			0.171057101	0.194790032	0.163906435	0.17726174	0.182589255	0.164627026	0.172925152	0.178304739	0.190182312	0.167458588	0.167955461	0.168020739	0.144491035	0.16511079	0.164826101	0.167705074	0.164249323	0.161502914
4E-BP1	EIF4EBP1			0.229622725	0.247363738	0.237348442	0.240847339	0.243942563	0.228371967	0.240868095	0.229587459	0.253134941	0.249941432	0.269436744	0.243464755	0.236888307	0.257134696	0.238352317	0.26548202	0.275295403	0.239982157
4E-BP1_pS65	EIF4EBP1			0.790393067	0.889812285	0.87168022	0.835916415	0.883827464	0.833688916	0.834974772	0.731289282	0.8950782	0.891619381	0.914115774	0.921603808	0.834979473	0.773484031	0.917674106	0.865559991	0.777643423	0.944846651
53BP1	TP53BP1			1.025754699	1.100179271	1.065016666	1.176617283	1.141661919	1.080335025	1.107355809	1.045709987	1.168812691	1.160615484	1.111655236	1.031797164	1.061472518	1.109762673	1.105139418	1.066701051	1.13820774	1.305104492
ACC1	ACACA			3.391440108	2.305785197	4.254284414	3.665591035	2.772950154	5.710593337	3.277034616	2.974798855	2.809801096	2.033478982	3.355698341	3.042576247	1.811460087	3.525064539	3.036327579	3.35271646	3.53878655	1.545178498
ACC_pS79	ACACA ACACB			0.175952764	0.235185234	0.300544846	0.155178021	0.13357769	0.240790329	0.159487211	0.181767802	0.138686796	0.214665056	0.226250781	0.198952554	0.218742088	0.19629166	0.200478024	0.199472562	0.207043307	0.113497261
AIB1	NCOA3			1.380964228	1.393420265	1.522532866	1.408321938	1.294430293	1.22973147	1.314116762	1.256044669	1.200106564	1.415959613	1.172202088	1.328612312	1.275766969	1.135187948	1.57876675	1.323576511	1.226621569	1.492080637
AMPKa	PRKAA1			0.78138081	0.85999042	0.818464203	0.803821707	0.889060083	0.800402504	0.883106738	0.820494451	0.858107956	0.844423531	0.894786043	0.930192855	0.866007592	0.809826291	0.831767742	0.868023676	0.86446335	0.814798654
AMPKa_pT172	PRKAA1			1.294425491	1.916904754	1.604232794	1.198494517	1.26106902	1.799758262	1.365969516	1.609254887	1.433051806	1.612755359	1.755302497	1.611028554	1.491645699	1.652447973	2.217501079	1.884993945	1.68210554	1.306250181
AR	AR			0.594402335	0.592508282	0.662342075	0.677145624	0.603010885	0.596671547	0.618389755	0.593480427	0.555873312	0.488090843	0.66407365	0.522757676	0.542335548	0.665671349	0.628180965	0.614880912	0.684309172	0.604066331
Akt	AKT1 AKT2 AKT3			3.858439396	4.116746719	4.500076487	4.403561361	4.277411782	4.911316513	4.299468856	4.449017999	4.36405456	4.354813851	4.865719989	4.739056057	4.740221615	5.580768045	4.504118885	4.277379962	4.626929805	4.705013649
Akt_pS473	AKT1 AKT2 AKT3			0.577980407	0.6108088	0.234113618	0.921200308	1.257837115	0.457408862	1.085387813	0.679943961	0.977050035	0.21763149	0.19821691	0.221306296	0.192638447	0.290759947	0.115525786	0.330236036	0.122820428	0.310307377
Akt_pT308	AKT1 AKT2 AKT3			0.544508041	0.750435102	0.457036814	0.85691231	1.075845443	0.518488621	0.916425915	0.718616894	0.843898375	0.381095379	0.303080209	0.416675346	0.372430732	0.435499205	0.289445022	0.34720661	0.275002753	0.358096038
Annexin-I	ANXA1			0.05050126	0.05207043	0.101008345	0.047557078	0.047877075	0.208423169	0.053454991	0.053193153	0.04690596	0.050324639	0.0503646	0.066022338	0.046585692	0.05135712	0.051990935	0.052125397	0.048246469	0.055973311
Bad_pS112	BAD			0.798611867	0.803079233	0.745053987	0.891948743	0.847688402	0.705613231	0.918086766	0.657214777	0.928878924	0.90534558	0.769241368	0.801967212	0.954350422	0.754639859	0.714418614	0.945397098	0.70362855	1.026808412
Bak	BAK1			0.19774056	0.219250933	0.21771425	0.241556338	0.20817398	0.201175896	0.229755539	0.215949014	0.21043974	0.206738134	0.215739284	0.222013099	0.196273964	0.218884328	0.233017438	0.233838514	0.237430921	0.228757084
Bax	BAX			1.037003555	1.09786392	0.946100034	1.041159635	1.103829767	1.150778129	0.996355593	1.096048539	1.096939996	1.063009355	1.162678858	1.03065467	1.128091955	1.023037759	1.01191659	0.975629831	1.069690606	1.168289547
Bcl-xL	BCL2L1			0.310814617	0.386653243	0.262135091	0.310174608	0.404275625	0.294784424	0.330427628	0.343668215	0.380269564	0.287576546	0.350098433	0.302701052	0.363609227	0.289501474	0.295091301	0.26180742	0.267607704	0.304972154
Bcl2	BCL2			0.726882918	0.829167786	0.791351199	0.773027158	0.777584495	0.797009613	0.744216587	0.76858373	0.742139208	0.673139328	0.701641144	0.663836035	0.693704392	0.656984385	0.597542298	0.67647909	0.63581125	0.767582491
Beclin	BECN1			0.321760356	0.333186767	0.32678139	0.313860862	0.301591948	0.302722555	0.321685747	0.315682279	0.305907643	0.29395886	0.315899529	0.331881078	0.281097744	0.301938219	0.300842671	0.324953412	0.331768335	0.314613875
Bid	BID			1.079699384	1.059809714	1.058109125	1.165492277	1.088375061	1.346340928	1.054457658	1.127350485	1.275680959	1.06237872	0.961915053	1.107965217	1.132934674	1.260989745	1.101401895	1.122102321	1.042760876	1.229155364
Bim	BCL2L11			0.688732378	0.657528807	0.707670282	0.732364038	0.647265824	0.698548154	0.647321471	0.649008162	0.622995285	0.666544867	0.708671364	0.623758509	0.678444916	0.715538201	0.566431624	0.62676813	0.751365138	0.892196531
C-Raf	RAF1			0.885287868	0.74901409	0.873699881	0.860052164	0.809167703	0.918630508	0.925789439	0.840567392	0.803035896	0.735995016	0.869304818	0.808031376	0.774905088	0.970843036	0.940693618	0.891164753	0.874611326	0.712778868
C-Raf_pS338	RAF1			0.492472091	0.467969063	0.617271366	0.650636412	0.58706044	0.397586268	0.733692912	0.394520637	0.667351678	0.5119575	0.557926155	0.445501846	0.478011769	0.511550993	0.430907144	0.505383317	0.429567091	0.411894523
CD31	PECAM1			0.076688693	0.068162572	0.074479051	0.076156112	0.060229656	0.071825393	0.075216113	0.07377653	0.064562878	0.063590746	0.067797116	0.06556176	0.051299298	0.091811865	0.076329689	0.070789295	0.070271806	0.067931186
CDK1	CDK1			0.91633261	0.907761338	1.034650061	0.917118255	0.816167414	0.866545825	0.908016595	0.87179929	0.893824961	0.868136367	0.684442529	0.801195406	0.746939811	0.711475244	0.754277773	0.777943165	0.718054077	0.681847063
Caspase-3-cleaved	CASP3			0.179209634	0.153819493	0.172003656	0.167767249	0.163160097	0.164777582	0.174948445	0.167455153	0.182454785	0.14374284	0.171699207	0.162325705	0.160193662	0.164564436	0.160238967	0.168544921	0.176187614	0.149449003
Caspase-7-cleaved	CASP7			0.032503597	0.030344023	0.031318351	0.03213997	0.031890187	0.030202997	0.032962387	0.032605849	0.033450258	0.028212636	0.029119752	0.032368768	0.028186758	0.027550113	0.037815277	0.027868694	0.030250206	0.032558385
Caspase-9-cleaved	CASP9			0.287600148	0.309270498	0.254135085	0.275386352	0.362578554	0.277821343	0.265086278	0.31624793	0.318522548	0.309543006	0.315735904	0.290860744	0.340908584	0.303836886	0.284534401	0.280741511	0.300140544	0.399983449
Caveolin-1	CAV1			0.080433414	0.09914037	0.264246981	0.060114239	0.087832837	0.391321317	0.071486422	0.090139156	0.096340901	0.103123498	0.072794356	0.096583287	0.074314194	0.087978538	0.074706903	0.075092787	0.065163436	0.103466281
Chk1	CHEK1			0.362860147	0.384106062	0.340503028	0.3474855	0.374240237	0.370252001	0.33346369	0.389119326	0.373192435	0.355343192	0.365951334	0.382617926	0.4004384	0.353976472	0.347264651	0.351747389	0.341207063	0.346665783
Chk1_pS345	CHEK1			0.274343995	0.223563758	0.242501917	0.207641308	0.224555001	0.225785359	0.238864688	0.232801021	0.21438754	0.251880218	0.226550954	0.249190148	0.238259119	0.237779425	0.241801929	0.226234192	0.22465901	0.230444929
Chk2	CHEK2			0.407324606	0.382221298	0.378705339	0.386263986	0.376109801	0.430998639	0.407003742	0.394621165	0.382905449	0.349955104	0.401543782	0.387245262	0.331900755	0.413365745	0.387489177	0.371322529	0.388664612	0.386292915
Chk2_pT68	CHEK2			0.216765073	0.189109043	0.203132245	0.211818578	0.194370087	0.201260589	0.212703325	0.228764265	0.19969945	0.202736448	0.189409089	0.210911862	0.200176451	0.211390118	0.207297777	0.207426408	0.223957641	0.215468966
Claudin-7	CLDN7			2.541286819	2.20228908	2.629106279	3.407071921	2.398445095	3.389727364	2.697798653	2.414956513	2.159152801	2.144788902	2.830245188	2.954487025	2.336493369	2.258712162	3.223087498	2.425934138	2.82201541	2.148618118
Collagen-VI	COL6A1			4.15225219	3.498288213	2.777508874	3.749279173	3.307061699	2.588165596	3.153691825	3.569276769	2.865318516	3.434397478	2.004237109	2.672590742	3.44137729	3.252684581	4.057328581	2.921325045	3.886361523	5.195561562
Cox2	CMC2			0.952121615	1.093779785	0.916071917	0.851302777	1.291710377	1.181554415	1.056696068	1.078181461	1.250665017	1.055638359	1.267467783	1.084560764	1.275939547	1.258982899	1.223322472	0.926277932	1.026924512	1.047306411
Cyclin-B1	CCNB1			2.668494522	2.162110401	4.004152944	2.367666451	2.155986947	2.337461562	2.354265256	2.167346212	2.298256968	2.502553007	1.717899481	3.364137298	1.374695947	1.531953544	2.805246262	1.492378434	1.670079804	1.492724516
Cyclin-D1	CCND1			0.569217195	0.636450244	0.520213867	0.528130968	0.695934651	0.545891428	0.595071314	0.597644645	0.657399102	0.675097592	0.633958636	0.636524349	0.713180677	0.63578569	0.576436188	0.56881079	0.570589492	0.743407043
Cyclin-E1	CCNE1			0.69601994	0.58585381	0.554862827	0.619570808	0.561950647	0.525181155	0.653121435	0.61716829	0.532127118	0.787794518	0.618935079	0.707723537	0.619359261	0.632918735	0.693847505	0.699818149	0.672874817	0.644389056
DJ1	PARK7			0.594940249	0.723937157	0.533668366	0.662110222	0.694405867	0.529644692	0.598721335	0.605623468	0.65970292	0.724032987	0.633222579	0.639043404	0.819307886	0.56476329	0.635363402	0.723964366	0.631447483	0.769439136
DVL3	DVL3			0.435101319	0.357410129	0.42395826	0.365755145	0.367577199	0.402845179	0.415819258	0.380307071	0.392539051	0.420989655	0.363707547	0.432500271	0.327453395	0.387430511	0.419516868	0.379336232	0.385800568	0.337075064
E-Cadherin	CDH1			1.129022632	1.259741159	1.160216004	1.4403999	1.195527937	1.088012063	1.274969437	1.104881109	1.341880964	1.213463801	1.288310965	1.157295332	1.144561278	1.147430064	1.182765129	1.214713259	1.228211171	1.343297678
EGFR	EGFR			0.059940145	0.053913134	0.057967165	0.0608076	0.054372348	0.061738896	0.054863582	0.060543861	0.0553489	0.05030211	0.051860696	0.056130649	0.044368003	0.05451435	0.058720998	0.050918782	0.05262235	0.051811354
EGFR_pY1068	EGFR			0.078404749	0.092244217	0.108571409	0.089521833	0.080686244	0.126714377	0.083714807	0.084386244	0.083387936	0.084409008	0.089311157	0.09186819	0.070625819	0.084523337	0.089721696	0.084214301	0.091206772	0.082079847
EGFR_pY1173	EGFR			0.427757832	0.419018478	0.385535745	0.405620448	0.410913191	0.412591243	0.391807518	0.40962363	0.394189298	0.348514391	0.400367266	0.405169494	0.4086137	0.408625634	0.397869173	0.395206928	0.411945128	0.409384944
EGFR_pY992	EGFR			0.114428198	0.116439391	0.126224647	0.121397912	0.108108785	0.099218116	0.127583827	0.106715804	0.114118998	0.114690373	0.113912618	0.106015454	0.097638658	0.11256213	0.106985833	0.113553381	0.129816868	0.09063414
ER	ESR1			1.48988011	1.366719798	1.456901302	1.589841277	1.586149748	1.193647359	1.477196973	1.562600869	1.517744086	1.059650061	1.463080027	1.176579909	1.18717702	1.425664336	1.569835195	1.426657332	1.472008769	1.219020536
ER-a_pS118	ESR1			0.887983483	0.775289265	0.853795021	0.784221027	0.870152405	0.764001071	0.811175688	0.933745671	0.783705487	0.623560478	0.739064799	0.662924651	0.551016553	0.713703981	0.662119605	0.684319426	1.028951986	0.569721398
ERCC1	ERCC1			0.620716771	0.619578713	0.613841447	0.568595559	0.655506236	0.60139997	0.62008935	0.648777862	0.696476417	0.671946343	0.630442024	0.668519832	0.677003319	0.622463945	0.584801994	0.597943429	0.579535468	0.650010997
FAK	PTK2			0.385752477	0.396885368	0.377061879	0.368543822	0.43827376	0.395775678	0.420479498	0.415799926	0.44626235	0.354372712	0.369208388	0.40838713	0.38225157	0.381954712	0.371970616	0.328874056	0.353235201	0.322129972
Fibronectin	FN1			0.03805761	0.033382794	0.035674689	0.036618302	0.03728694	0.03566632	0.037986232	0.038618137	0.037479608	0.048057575	0.076054071	0.041601741	0.039954474	0.04134387	0.060062726	0.042516191	0.043725714	0.052213682
FoxO3a	FOXO3			0.243432615	0.278367443	0.232119207	0.250633663	0.249433408	0.251095669	0.246863528	0.252331045	0.255173929	0.272983541	0.284636476	0.252694676	0.307103856	0.266137397	0.259530154	0.25464109	0.254008557	0.287420407
FoxO3a_pS318_S321	FOXO3			0.455124342	0.453904869	0.43244441	0.444994339	0.474482235	0.427280151	0.442865575	0.418681952	0.47761114	0.467947418	0.460302855	0.456562731	0.521484078	0.476229983	0.427095446	0.45180068	0.454215875	0.522739033
GATA3	GATA3			6.07126189	6.135514766	6.644160291	7.186476623	5.925550275	5.917870444	6.571979925	5.298411351	5.523016126	6.725653295	6.095522534	6.963138113	6.582807252	5.210450175	6.616983148	7.211497083	6.612471485	7.753876728
GSK-3a-b	GSK3A GSK3B			2.329001564	2.076773058	2.75274901	2.480722793	1.938108828	2.739538407	2.521745326	2.069265227	2.297839767	2.016903737	2.274773456	2.485915892	1.805634947	2.092130571	2.327610953	2.444551435	2.404928276	1.892178393
GSK-3a-b_pS21_S9	GSK3A GSK3B			1.926827615	1.986462194	1.845457952	2.113414957	2.042534411	1.915282397	2.191250629	1.667737807	1.968200012	1.659707202	1.725274197	1.593040243	1.766211111	1.77575275	1.989605455	1.851859218	1.562334387	1.733274305
GSK-3b_pS9	GSK3B			2.138728756	1.996909298	2.060297913	2.291308578	2.35770219	2.108873478	2.175088709	1.859416352	2.25422973	1.754937748	1.859034233	1.71497191	1.786760866	1.95890864	1.940678092	1.915974517	1.657545876	1.853551125
HER2	ERBB2			0.444070168	0.777832536	0.489494159	0.497250599	0.762916123	0.919311372	0.544572243	0.554190509	0.757504316	0.66008609	0.671221529	0.717401167	0.932192358	0.587535198	0.525606617	0.490645764	0.495234675	0.787097486
HER2_pY1248	ERBB2			1.175619169	1.425943719	1.252519249	1.194448255	1.534167913	1.302621207	1.312931275	1.253388704	1.434533888	1.434464288	1.587130071	1.326300568	1.524052889	1.808829065	1.268662336	1.287207432	1.371149562	1.570019804
HER3	ERBB3			1.272350992	2.127490486	1.458830781	2.298397053	2.343932305	1.450361528	1.773002081	2.486308477	2.318013688	1.632176509	2.535313774	1.765193062	2.058007718	2.473907342	2.144444198	2.139404221	2.184367804	2.350349593
IGF1R-b	IGF1R			2.266249032	2.460150092	2.274490238	2.478189584	2.527316397	2.577943257	2.30421911	2.417843815	2.476061863	2.753222317	2.829304672	2.741277459	2.942850167	2.59294519	2.475731815	2.462044366	2.655179767	3.170119028
IGFBP2	IGFBP2			0.534274236	0.517368771	0.555141653	0.492013899	0.459003865	0.51001244	0.471478083	0.454909611	0.490561351	0.494800115	0.460974742	0.500593128	0.44652897	0.438410132	0.477383436	0.478939311	0.457122112	0.48621272
INPP4b	INPP4B			1.247187731	1.306633113	1.314071488	1.376459269	1.392328914	1.075860798	1.397575593	1.446662521	1.413158269	1.432887782	1.574465199	1.507456042	1.454056455	1.506440192	1.631229256	1.460997872	1.615133507	1.469376929
IRS1	IRS1			1.003500773	1.4087294	1.022061771	1.279619404	1.321385802	0.815413143	1.17982833	1.222261288	1.225206012	1.227583199	1.219499308	1.271631051	1.261249956	1.130312235	1.133282762	1.200208623	1.305676646	1.419922529
JNK2	MAPK9			1.296943533	1.193006314	1.310914841	1.191085306	1.254717229	1.593177672	1.319422057	1.249790105	1.233876321	1.324238727	1.474827399	1.374124886	1.250555505	1.46164278	1.454893768	1.239127246	1.32013347	1.239453613
JNK_pT183_Y185	MAPK8 MAPK9			0.181505476	0.221085584	0.171725445	0.182926124	0.220134172	0.157920781	0.183117555	0.221314363	0.190467176	0.224041385	0.242379649	0.193771081	0.236977321	0.271289127	0.207750044	0.209946322	0.222755563	0.227836418
MAPK_pT202_Y204	MAPK1 MAPK3			0.193267202	0.316240403	0.237307237	0.246047395	0.266218466	0.14694477	0.235959122	0.296340539	0.208771465	0.266540813	0.259913616	0.175911243	0.354847667	0.269260312	0.14783253	0.198354243	0.323157074	0.265579616
MEK1	MAP2K1			0.658612687	0.609521782	0.595922229	0.611835363	0.614326653	0.709779766	0.568985954	0.613277629	0.590272121	0.699802739	0.643965359	0.65711781	0.684130153	0.634402833	0.641170043	0.617506339	0.651137355	0.676130864
MEK1_pS217_S221	MAP2K1			0.18380152	0.220823023	0.193479934	0.208360443	0.18005554	0.14660497	0.187547606	0.188864595	0.154959922	0.261202262	0.174282162	0.146961629	0.313057149	0.166774566	0.153085757	0.172286857	0.171002617	0.156060053
MIG-6	ERRFI1			0.452765547	0.436980859	0.432330032	0.418726909	0.457683054	0.440698343	0.424149656	0.437125556	0.432808035	0.538247379	0.439077883	0.481780582	0.491251282	0.455027982	0.446493319	0.507145347	0.431319917	0.448037222
MSH2	MSH2			0.347274199	0.347605506	0.400553461	0.376138402	0.349893597	0.336115559	0.381345626	0.347494213	0.352587562	0.268569482	0.336131379	0.307540738	0.277766928	0.304236086	0.309630828	0.34664308	0.313930968	0.234990686
MSH6	MSH6			1.389951892	1.128093478	1.381939723	1.348176126	1.338577352	1.350563871	1.552739845	1.242269199	1.28803344	1.216411237	1.294572926	1.298003431	1.158861048	1.249457598	1.315155346	1.266493566	1.213953592	0.982110812
Merlin	NF2			3.744647979	4.607790485	3.935392771	3.835981145	4.979564367	4.783718583	3.872475763	4.080155915	4.842083756	5.902421251	5.354237524	5.974110457	5.580192786	4.611808815	4.844449461	3.840618554	4.160487121	5.659715975
Mre11	MRE11			0.461616603	0.430720089	0.461756132	0.428649797	0.424148813	0.429048652	0.455965302	0.445130028	0.423640948	0.397043077	0.422505448	0.43832642	0.418994803	0.453664089	0.449162131	0.447736605	0.423187258	0.436634647
N-Cadherin	CDH2			0.183713664	0.229644231	0.194035781	0.200228746	0.251131806	0.202933707	0.200996087	0.212001983	0.228455984	0.225821614	0.246421667	0.252639329	0.267196982	0.211151051	0.190101578	0.198441987	0.20121307	0.24704712
NF-kB-p65_pS536	RELA			0.54736841	0.450520255	0.584533699	0.557660749	0.482728007	0.568713559	0.594736221	0.511476198	0.453334491	0.886171583	0.537879893	0.71311587	0.954823208	0.702816659	0.704059655	1.142912621	0.633513724	0.7785466
Notch1	NOTCH1			0.364818013	0.332542156	0.336563998	0.331085316	0.321398831	0.328133739	0.346185708	0.342310138	0.295142322	0.368811125	0.30607787	0.354654598	0.327111141	0.323738257	0.333448055	0.331179781	0.328409699	0.342092457
Notch3	NOTCH3			0.848511983	0.778349745	0.950461527	0.797147936	0.747121934	0.920504667	0.788319666	0.802122309	0.822544887	0.849513893	0.862172168	0.855439818	0.833678145	0.84254729	0.943868647	0.828944233	0.853705683	1.009240025
P-Cadherin	CDH3			1.739284045	1.755280304	1.614417957	1.812803301	1.69901229	1.816744632	1.670574253	1.695377526	1.55860117	1.693428649	1.775638686	1.69329115	1.677981716	1.553129871	1.772039735	1.580973805	1.818594417	1.904021543
PARP1	PARP1			0.146977152	0.135477176	0.149975894	0.155864053	0.119281895	0.147244489	0.145556938	0.14920774	0.131303726	0.144867882	0.127312101	0.130215796	0.109731469	0.147853336	0.139917681	0.143990366	0.156115964	0.146512656
PCNA	PCNA			0.374067822	0.355597031	0.311770734	0.345772715	0.362620774	0.375430855	0.34323392	0.36658429	0.375627064	0.329415259	0.320037322	0.349685176	0.401469155	0.323560907	0.327287142	0.302460138	0.357503916	0.399774093
PDK1_pS241	PDPK1			1.116746864	1.017873621	1.207646393	1.096118335	1.012171255	1.238739784	1.046985413	1.035875327	0.998516877	1.13244291	1.065261985	1.144889653	1.020988303	1.100581135	1.201741799	1.05993204	1.113416002	1.146263808
PI3K-p110-a	PIK3CA			0.416257107	0.351914223	0.381875587	0.404701854	0.362077765	0.372998908	0.396130407	0.410237802	0.341326066	0.310757685	0.372270948	0.371080785	0.330636566	0.39377033	0.401336391	0.416897253	0.42108024	0.332680817
PI3K-p85	PIK3R1			1.078263657	1.115794901	1.131095512	1.238359743	1.100292875	1.136306792	1.138119916	1.120932002	1.193372788	1.082383532	1.180293709	1.09633689	1.006522141	1.132728857	1.130264996	1.144493141	1.195896487	1.188176416
PKCa	PRKCA			0.108498	0.106033806	0.119032878	0.115487545	0.120536706	0.126436602	0.120494911	0.1170166	0.117838973	0.095717966	0.133903173	0.109433628	0.105617746	0.122852466	0.125568045	0.107998728	0.120801114	0.082845814
PKCapS657	PRKCA			0.21626602	0.191274571	0.220443674	0.233103423	0.204147758	0.230565135	0.22256834	0.224930167	0.200621081	0.182963995	0.233235278	0.227287182	0.176720183	0.239300187	0.221835347	0.233216035	0.244301941	0.194887392
PR	PGR			0.351867528	0.283863048	0.432507992	0.34824563	0.298393741	0.62218996	0.367073822	0.333434174	0.322134293	0.176298342	0.250887899	0.176378848	0.197457222	0.234772211	0.18493499	0.257647691	0.23784896	0.174049104
PRAS40_pT246	AKT1S1			2.269943343	2.22980942	2.440443421	2.527599457	2.334337967	2.273339558	2.376012649	1.923083569	2.572784649	1.947523676	1.383554813	2.104103054	2.187641204	1.757642836	1.81202667	2.127820965	1.255431925	2.256056965
PTEN	PTEN			1.048772635	1.06793683	1.134414699	1.029383059	1.127534593	1.213368957	1.037125939	1.074461977	1.042958793	1.070063143	1.190665625	1.137152177	1.104892748	1.213016624	1.174422359	1.071031428	1.101147599	1.157865949
Patched	PTCH1			0.357556114	0.506743417	0.420749323	0.364242994	0.489134651	0.378624002	0.432290223	0.43842477	0.486232061	0.478328786	0.429017784	0.47353246	0.51453339	0.381864462	0.390046315	0.327518557	0.374242082	0.490708557
Paxillin	PXN			1.623271721	1.450542015	1.449114004	1.576253493	1.520454593	1.399637012	1.506388017	1.476038001	1.508900579	1.969504709	1.62231482	1.827610914	1.667179405	1.549894753	1.89110546	1.593582931	1.728283594	1.935709353
Rab11	RAB11A			0.260974363	0.247539345	0.245332339	0.254670587	0.241278501	0.267924043	0.242855034	0.253237711	0.238729927	0.236090333	0.261241427	0.239059989	0.240833836	0.253449184	0.242569256	0.245933496	0.259317185	0.247348669
Rab25	RAB25			0.346320225	0.319908068	0.326815654	0.334256233	0.308003063	0.328160109	0.340375573	0.344268913	0.323277473	0.293313381	0.306937383	0.321602017	0.30838079	0.345184573	0.34235426	0.328639726	0.336924738	0.305343275
Rad50	RAD50			0.571950226	0.631258777	0.492047505	0.582628242	0.777897912	0.548976012	0.54040417	0.663962405	0.625188866	0.603695007	0.573149527	0.623277222	0.754446592	0.602333441	0.531102374	0.521981695	0.541251905	0.671885992
Rad51	RAD51			1.000956121	0.939154484	0.945777572	0.920830198	0.950631467	0.938118035	0.908171236	0.84761166	1.049583058	0.941162719	0.87047842	1.065598001	0.947525931	0.884410314	0.895330318	0.824531338	0.830022759	0.971384057
Rb	RB1			0.270783038	0.247009019	0.256030127	0.253038945	0.262264611	0.254491361	0.273201416	0.265284371	0.251019939	0.21215512	0.230060998	0.233383355	0.228209294	0.250952999	0.259733164	0.242947485	0.24110557	0.236489992
Rb_pS807_S811	RB1			2.980700925	2.498229199	3.386733839	3.039883698	2.835796024	2.875071833	3.103966397	2.500957715	2.644940968	3.201710302	2.581078282	3.466529372	2.893164137	2.538733059	3.366931541	2.938500933	2.311113947	2.762800755
S6_pS235_S236	RPS6			6.814546807	4.426901969	7.977290223	7.586908535	4.545430599	6.048489761	7.179706571	3.956575903	4.714466383	8.855937377	6.414182083	8.673859397	8.622437615	6.663828072	7.649121215	9.137039766	4.633066317	7.213163718
S6_pS240_S244	RPS6			1.359733482	1.516152997	1.460462585	1.418914479	1.467538465	1.293773891	1.600838327	1.34138066	1.796834961	1.736433996	1.723553061	1.975429561	2.6181542	1.845160508	1.850020527	1.527242612	1.213655546	1.772522707
Smac	DIABLO			0.899588895	0.999970391	0.736160953	0.961547807	1.04855995	0.733506268	0.896077998	0.964314405	0.96866494	0.911104692	0.944557917	0.939263366	1.00203458	0.837570875	0.943145223	0.875021402	0.856283349	1.05302301
Smad1	SMAD1			0.540216003	0.511008856	0.501924798	0.533928877	0.515797917	0.497129481	0.526549874	0.547977749	0.508635593	0.483430836	0.512237911	0.544450493	0.566245893	0.53878523	0.509347592	0.540239595	0.518106665	0.524517398
Smad3	SMAD3			0.846932784	0.892278714	0.787845872	0.794034476	0.906427395	0.763605897	0.821393344	0.847571468	0.877961288	0.934368552	0.860995808	0.897888504	0.927355481	0.867909197	0.904738279	0.858369289	0.852241646	0.933110415
Smad4	SMAD4			0.116025754	0.106360857	0.119178391	0.116500395	0.105456556	0.107909872	0.11326784	0.113945897	0.107250899	0.107113304	0.105101979	0.114793342	0.09379755	0.109152137	0.105005899	0.110241343	0.112760563	0.095267317
Snail	SNAI1			1.017047888	0.509017787	0.773583218	0.990677271	0.663748829	0.898186129	0.874709154	0.701420274	0.5243198	0.623003433	0.497870403	0.576339234	0.327383694	0.649479374	0.738141618	0.614945036	0.559270686	0.78594167
Src	SRC			0.631922923	0.605262305	0.836928788	0.785396087	0.701631422	0.809372382	0.783094548	0.720762147	0.886880036	0.566567178	0.719460654	0.670394573	0.452353714	0.564006546	0.653296755	0.686704617	0.638884949	0.453561655
Src_pY416	SRC			0.097013272	0.101587121	0.089954466	0.084718643	0.082077138	0.074949771	0.094252409	0.099305374	0.077570008	0.074292181	0.083193203	0.069701136	0.082469566	0.083440569	0.090634384	0.086579567	0.079019023	0.080520861
Src_pY527	SRC			1.309939659	1.15470872	1.280628924	1.328017146	1.207379501	1.608384085	1.244216815	1.244210982	1.191209365	0.925937727	1.28956053	1.064328622	1.008088906	1.241643746	1.23537086	1.269472572	1.411606414	0.97811697
Stat3_pY705	STAT3			0.204044332	0.196093139	0.179737113	0.193301279	0.184847422	0.193043157	0.190347616	0.192133066	0.172628086	0.204394814	0.195977489	0.200910254	0.188336725	0.218300974	0.195085666	0.216706686	0.192727367	0.175449714
Stat5a	STAT5A			0.268356181	0.226317963	0.289503344	0.242609083	0.23615565	0.443868155	0.267320585	0.252222066	0.241507607	0.197021515	0.238494846	0.230628177	0.18948331	0.240151401	0.272957779	0.237675838	0.228365764	0.167123588
Stathmin-1	STMN1			0.338322198	0.332592314	0.287238761	0.345776927	0.326263411	0.319673427	0.314708627	0.296727225	0.32383591	0.263903246	0.300972716	0.309539461	0.311161174	0.2672333	0.273298971	0.29539123	0.297387982	0.27787381
Syk	SYK			0.796869005	0.607471431	0.744009819	0.786318931	0.676235737	0.814086427	0.807926308	0.791816752	0.644746227	0.56814646	0.742154984	0.591174124	0.518429362	0.748091086	0.742772069	0.735728137	0.783988983	0.543174361
TAZ_pS89	WWTR1			0.369226222	0.755096246	0.355828104	0.35559909	0.767190178	0.473223191	0.485800489	0.558080116	0.761337144	0.623170532	0.61093264	0.802508881	0.878003959	0.568081092	0.540488874	0.340803346	0.372356051	0.716012643
TIGAR	TIGAR			0.534165577	0.550137649	0.467407529	0.528456269	0.562202642	0.557034732	0.510245833	0.548466302	0.497997122	0.591935131	0.554196045	0.608376599	0.603447003	0.531323163	0.542303289	0.538102048	0.533463781	0.548236539
TTF1	TTF1			0.148080557	0.167968091	0.152250189	0.142927217	0.167431249	0.154347364	0.142569846	0.145461575	0.156925503	0.141584298	0.133138665	0.157516059	0.167339854	0.124951745	0.148149753	0.12849179	0.139118238	0.158351478
Tau	MAPT			2.276498552	1.503119955	1.734309382	0.829362321	1.873124796	1.60457457	2.141165025	1.441656172	2.280849679	2.40247107	1.84482968	1.83654684	2.055505929	1.654784873	2.590337589	2.591207687	2.0937853	2.145556679
Tuberin	TSC2			1.679236556	1.24357271	1.737924595	1.735513847	1.485439434	1.797143537	1.747006657	1.551206959	1.387443572	1.180667512	1.615912475	1.530164246	1.15723093	1.683124785	1.782108373	1.75421339	1.853041507	1.033963282
VASP	VASP			0.807111191	0.785826997	0.770338998	0.877289477	0.803545453	0.866512509	0.796014628	0.80051434	0.784771216	0.748989798	0.82715557	0.837304544	0.911230953	0.82908984	0.720690985	0.809092521	0.830397912	0.921489467
VEGFR-2	KDR			1.660530793	1.115491962	1.834341031	1.60636099	1.240579838	1.85699187	1.472718206	1.21406587	1.388426207	1.655374016	1.495190168	1.507106889	1.631076958	1.791828948	1.259954902	1.685591616	1.693002616	1.797527612
XIAP	XIAP			1.050109279	1.035707843	1.080049145	1.054039977	1.046601906	1.052512144	1.080357349	1.087716135	1.104944404	1.077636152	1.064586213	1.075523461	1.04446637	0.97510534	1.098803684	1.033628242	0.991106177	0.987050721
XRCC1	XRCC1			0.194746075	0.203406751	0.194856747	0.193180007	0.191923637	0.187097455	0.187663772	0.189322754	0.187231263	0.170500108	0.182067723	0.187966533	0.19829712	0.197305685	0.182589598	0.187102128	0.192686508	0.198938855
YAP	YAP1			1.400586473	1.164479194	1.128154633	1.30942137	1.135211658	1.222696826	1.134648574	1.207281968	1.076468191	1.254097957	1.14522527	1.260913338	1.110382433	1.236864078	1.13939312	1.275455926	1.345318144	1.325173433
YAP_pS127	YAP1			0.496282147	0.376690065	0.538737535	0.507310336	0.393967238	0.682760567	0.424205416	0.378271378	0.431420548	0.385124153	0.299121228	0.460323484	0.216910749	0.202658046	0.384063443	0.191142675	0.281523771	0.213736756
YB-1	YBX1			0.405558302	0.615282542	0.402070173	0.368129511	0.571162251	0.410813448	0.457822761	0.37298292	0.51834677	0.51592928	0.485095402	0.4556141	0.708855327	0.392386702	0.335012332	0.409547791	0.402246616	0.636050635
YB1_pS102	YBX1			1.04688812	0.806822191	0.864292853	0.96820127	0.82670768	0.65294963	1.024835571	0.626266305	0.862955084	0.977703484	0.592056976	0.8911998	1.169711128	0.615913538	0.74267249	0.95261159	0.610860672	0.878937787
alpha-catenin	CTNNA1			0.378730874	0.378858536	0.55465595	0.486760039	0.25567416	0.456473457	0.559031783	0.365546495	0.249115986	0.337471357	0.297619665	0.38562569	0.278173271	0.405028733	0.490132988	0.445246512	0.407926254	0.334984635
b-Catenin	CTNNB1			2.501736229	3.166299473	2.730655545	2.964537977	3.043257305	3.11457491	3.256800864	2.870058927	3.34160344	2.286200409	3.209282621	2.363371919	2.992163123	3.21098001	2.689640781	2.585099605	2.858867573	3.014668112
c-Jun_pS73	JUN			0.347670088	0.446107464	0.347028228	0.37711123	0.426381187	0.342718304	0.365854907	0.38097909	0.413333948	0.494334155	0.37866704	0.369054573	0.602042007	0.407178973	0.355757758	0.512253091	0.363411486	0.553438801
c-Kit	KIT			0.076318035	0.065603563	0.075926154	0.077701263	0.067163411	0.070378219	0.075762274	0.071751612	0.069767494	0.06806605	0.072844847	0.070933684	0.078953352	0.068574987	0.075115898	0.077400117	0.072866053	0.078288484
c-Met	MET			0.224828988	0.211208024	0.222722989	0.208138535	0.206670917	0.200053345	0.202083821	0.217828837	0.219876253	0.212672988	0.211542787	0.20120521	0.206420439	0.19760891	0.220833406	0.219392165	0.221241876	0.203820774
c-Met_pY1234_Y1235	MET			0.484991757	0.432988415	0.460932437	0.451637572	0.438946259	0.44727776	0.463523486	0.466547009	0.452275633	0.42354912	0.459872379	0.47239177	0.444278649	0.488897529	0.459794514	0.469182334	0.469615798	0.495797706
c-Myc	MYC			0.792498111	0.860651812	0.651758452	1.236300934	0.988949335	0.632077507	0.766276953	0.786450648	1.245816745	0.912995676	0.797213212	0.812341266	1.112040577	0.821998977	0.781947791	0.788417656	0.801138878	1.371445103
cIAP	BIRC2			0.295857913	0.24561564	0.30535582	0.288510463	0.264968021	0.299989889	0.298534343	0.302425621	0.271897844	0.252817367	0.29309177	0.283328233	0.25291147	0.302718805	0.285207346	0.299151213	0.302574158	0.287869663
eEF2	EEF2			1.126836615	1.536436056	1.07521373	1.051968619	1.856050694	1.111532457	1.091759192	1.364071679	1.710676178	1.724697871	1.773410131	2.137658978	1.651309025	1.473469445	1.674504246	1.016955573	0.958855612	1.570721798
eEF2K	EEF2K			1.506047843	1.563848428	1.574688735	1.714621147	1.570884967	1.61433209	1.55114115	1.590547263	1.688969213	1.54613658	1.751663696	1.477790573	1.649375003	1.72350753	1.505312315	1.574316992	1.693144898	1.90526018
eIF4E	EIF4E			0.948866487	1.1046624	1.007200556	1.078697723	1.027467457	1.119269833	0.957438582	1.023647401	1.0362531	1.218945333	1.210344747	1.121340741	1.21704006	1.132649528	1.037674087	1.203544057	1.133766726	1.314719268
k-Ras	KRAS			0.266931088	0.233374912	0.253451221	0.25269837	0.235957799	0.26586608	0.255794868	0.255360564	0.246309728	0.249084097	0.238864382	0.255959049	0.230302854	0.233636425	0.245277716	0.260238153	0.238193172	0.247818484
mTOR	MTOR			1.48699519	1.151110057	1.593295531	1.531779701	1.43626881	1.604709919	1.677573571	1.517054018	1.611121143	1.006971352	1.59951833	1.408154638	1.189161826	1.745679963	1.577258183	1.671546428	1.612550576	0.866415679
mTOR_pS2448	MTOR			0.705838636	0.552211596	0.647480923	0.694777841	0.712844519	0.642809014	0.705010259	0.684031356	0.684939717	0.496288729	0.642784718	0.621795308	0.598334196	0.716062339	0.649026131	0.686130363	0.648555028	0.430245548
p21	CDKN1A			0.616619934	0.568135817	0.600506372	0.634032036	0.555514418	0.816379801	0.69992512	0.70530866	0.604336615	0.80946321	0.614352262	0.709368884	0.74054629	0.651637976	0.583161241	0.84183095	0.681709235	0.81275678
p27-Kip-1	CDKN1B			1.136084453	1.397982821	1.127469771	1.406154311	1.281316512	1.48192849	1.104432749	1.142412184	1.318864998	1.393041674	1.464164601	1.433145453	1.800870595	1.387918359	1.226682464	1.448446815	1.410581578	1.739803457
p27_pT157	CDKN1B			0.576315316	0.606384201	0.550355348	0.533973376	0.614942108	0.533393378	0.533676942	0.569240322	0.586169918	0.594394052	0.550776548	0.590865579	0.640142193	0.560864179	0.573964275	0.58344782	0.553742985	0.623832962
p27_pT198	CDKN1B			0.51420085	0.437615455	0.476635343	0.493262675	0.444870242	0.442330065	0.524920689	0.426445035	0.471037689	0.494839438	0.385940602	0.472801598	0.476375906	0.384339398	0.46612991	0.486574685	0.406910581	0.422670018
p38-MAPK	MAPK14			0.667967783	0.642645934	0.677145451	0.63790296	0.736648024	0.682227575	0.668424511	0.645800487	0.69487126	0.680928889	0.621224553	0.666566402	0.755858666	0.670088414	0.665145954	0.629570999	0.660830909	0.811337685
p38_pT180_Y182	MAPK11 MAPK12 MAPK13 MAPK14			0.164811336	0.209275687	0.200263746	0.150094856	0.196751558	0.180752307	0.175103554	0.191919411	0.191035728	0.190314377	0.201514198	0.198026999	0.232774736	0.198291955	0.184451652	0.141047432	0.186161661	0.196839132
p53	TP53			0.192232671	0.170300384	0.202973526	0.208584856	0.153150911	0.240116672	0.197091026	0.195140993	0.157386211	0.242006072	0.205035334	0.261217759	0.185639974	0.227646888	0.197225259	0.285007788	0.234039547	0.229487304
p70-S6K1	RPS6KB1			8.746610147	10.91143344	9.402723309	11.43877	10.14838638	10.89839644	10.19482771	9.852672301	11.09988467	14.34499998	11.03523057	11.55882256	11.61150738	11.03242789	11.2903776	11.65518655	10.88943682	15.02029055
p70-S6K_pT389	RPS6KB1			7.421606302	8.292329221	4.924834628	8.409418976	8.832215148	3.652665948	7.038993181	4.701537347	8.384576574	7.379164218	4.03712833	4.838261925	8.982571821	6.009470534	6.459039967	7.320427162	3.339019162	10.01789036
p90RSK_pT359_S363	RPS6KA1			0.677905801	0.669817223	0.719745096	0.611729512	0.661307752	0.617003506	0.590333386	0.637767755	0.6348255	0.62960346	0.666584784	0.675575926	0.69266151	0.69743346	0.657872861	0.653150851	0.709565428	0.675289399
