6.454262840044042715e-01,6.397278315063656962e-01,6.325260466193950437e-01,6.235346728359101309e-01,6.124653805194029133e-01,5.990692581620116197e-01,5.832032556134729706e-01,5.649216521345405972e-01,5.445792838156122695e-01,5.229125230787213807e-01,5.010454223753868508e-01,4.803727054630630988e-01,4.623165872271443044e-01,4.480280519235236847e-01,4.381522605637240275e-01,4.327527111307971630e-01,4.314029681585714870e-01,4.333762646923107198e-01,4.378431085309458792e-01,4.440178535431489326e-01
-4.348142653169369432e+00,-4.417634586164449928e+00,-4.432655983667492805e+00,-4.384203697724231574e+00,-4.266881159534216650e+00,-4.080360491495753195e+00,-3.830069241844832995e+00,-3.526769170668092812e+00,-3.185060426620094809e+00,-2.821229386876022094e+00,-2.451053332833287524e+00,-2.088094840285555698e+00,-1.742751038671618957e+00,-1.422036610755425201e+00,-1.129898680327281024e+00,-8.678134904228527180e-01,-6.354573700299528394e-01,-4.313208084021651345e-01,-2.532048696267870103e-01,-9.858761194686760376e-02
-2.606057227728880044e+00,-2.747219152110362828e+00,-2.885529278340669190e+00,-3.018684436797467896e+00,-3.144113445677196417e+00,-3.259045010552188870e+00,-3.360608441488836640e+00,-3.445965668387199088e+00,-3.512467875554643015e+00,-3.557824472793820192e+00,-3.580267297503186619e+00,-3.578690329915648505e+00,-3.552745989538366622e+00,-3.502883711765044872e+00,-3.430324359624776775e+00,-3.336973471735566577e+00,-3.225285204622539759e+00,-3.098095088148165921e+00,-2.958442188162250019e+00,-2.809399891323228982e+00
-1.424711366235862364e+00,-1.363397496091375505e+00,-1.280534125718791660e+00,-1.178333482844839519e+00,-1.060308869227988282e+00,-9.308820407297075938e-01,-7.948671179106407969e-01,-6.569491766880919403e-01,-5.212616604322997116e-01,-3.911218260508273481e-01,-2.689315850808426944e-01,-1.562126317736280967e-01,-5.372769021538625900e-02,3.835905600397970794e-02,1.203178887683934439e-01,1.927074207332298839e-01,2.562561115733144046e-01,3.117730260669323572e-01,3.600848847337576597e-01,4.019945579537071989e-01
-6.696590621566598234e-01,-7.565275687039532126e-01,-8.205708827241258163e-01,-8.539951211556440214e-01,-8.515785166908873549e-01,-8.122082125662715146e-01,-7.393449563241589750e-01,-6.401421926001460427e-01,-5.236375136149904463e-01,-3.988225755707688336e-01,-2.732551125639062217e-01,-1.524404809956934059e-01,-3.984236414082520383e-02,6.275709610912971748e-02,1.547907730472027898e-01,2.364777748432730364e-01,3.084898594621371393e-01,3.717184966190880679e-01,4.271254116200613460e-01,4.756541730017179725e-01
-2.568634683816346520e+00,-2.603230782400038468e+00,-2.617659248566411190e+00,-2.609010185492925071e+00,-2.575058863417133193e+00,-2.514575901515988310e+00,-2.427570090577353845e+00,-2.315407259861292921e+00,-2.180767381436188312e+00,-2.027435458112940125e+00,-1.859959506198618051e+00,-1.683237928452655296e+00,-1.502108974395165220e+00,-1.321005057064727595e+00,-1.143710717083846529e+00,-9.732351387211275462e-01,-8.117872102878784801e-01,-6.608277259858712505e-01,-5.211695011798536115e-01,-3.930992107303352689e-01
3.609834152668319751e-01,3.679127217673124894e-01,3.744027219416390384e-01,3.803173986753064506e-01,3.855117421623632801e-01,3.898361183260310447e-01,3.931420322287415559e-01,3.952891256001599407e-01,3.961530360226541703e-01,3.956335268973677488e-01,3.936621171092096194e-01,3.902083485097901372e-01,3.852838710511843345e-01,3.789437182488573086e-01,3.712844716684169377e-01,3.624394165277178281e-01,3.525711901524143377e-01,3.418627374605530678e-01,3.305075519981277576e-01,3.187001758553954511e-01
-1.169117150341943301e+00,-1.295493701391962738e+00,-1.432611916011332642e+00,-1.578880597894675386e+00,-1.730746711376130786e+00,-1.881742440049168241e+00,-2.021480193577209761e+00,-2.135046457901133010e+00,-2.203630273848806276e+00,-2.207393938266109856e+00,-2.130927164501912330e+00,-1.969738977199399610e+00,-1.734209022810636380e+00,-1.447775184617566602e+00,-1.139779243603888492e+00,-8.371154398753866133e-01,-5.588785018972137753e-01,-3.152311609361633238e-01,-1.091143842453441426e-01,6.114193086818664469e-02
-1.730428518467162391e+00,-1.751231035119368062e+00,-1.759326761176826182e+00,-1.753048700119868020e+00,-1.731088093703909703e+00,-1.692648984078203522e+00,-1.637575746519722930e+00,-1.566428911092277332e+00,-1.480490424192710375e+00,-1.381691266719465627e+00,-1.272469245394264092e+00,-1.155578437009454174e+00,-1.033880030884382073e+00,-9.101450210371868632e-01,-7.868929662973538353e-01,-6.662806746318303830e-01,-5.500437126499126972e-01,-4.394849135253278138e-01,-3.354989160470585041e-01,-2.386201648073040804e-01
-1.196077534151864796e-01,-1.413332039683061758e-01,-1.591912867062692527e-01,-1.716643393163721498e-01,-1.771230200484479322e-01,-1.739810294955317360e-01,-1.609113685082761425e-01,-1.370951918984995022e-01,-1.024469436476052042e-01,-5.774469837863915878e-02,-4.607909705570678582e-03,5.469105360574544328e-02,1.175377366481031860e-01,1.813239441347948011e-01,2.437451630746922948e-01,3.029898144382177083e-01,3.578076849855320596e-01,4.074803117170421318e-01,4.517318042372973075e-01,4.906169489992394661e-01
-3.170060746273675178e-01,-3.431810220297550895e-01,-3.666475854068076412e-01,-3.864864457999768188e-01,-4.017583764057146567e-01,-4.115715470943017706e-01,-4.151611595528648113e-01,-4.119716016332888309e-01,-4.017277989519791870e-01,-3.844817451226267835e-01,-3.606233835934025134e-01,-3.308517726044468699e-01,-2.961108944840717960e-01,-2.575018063046343730e-01,-2.161867087854163483e-01,-1.733000461846498919e-01,-1.298777576809018175e-01,-8.681015785721446498e-02,-4.481857485233664562e-02,-4.452087836586793301e-03
-8.373352195625889394e-01,-1.074876179728073478e+00,-1.192383032733215664e+00,-1.169938342708460421e+00,-1.036841910393487165e+00,-8.449550658097910727e-01,-6.387591759309600992e-01,-4.444558784876755375e-01,-2.730564672391413428e-01,-1.267487625303989063e-01,-3.685194297295746324e-03,9.935407460289558124e-02,1.857217969581190786e-01,2.584204987777645179e-01,3.199711836187647540e-01,3.724274228218824589e-01,4.174392054197725299e-01,4.563257941240727034e-01,4.901421298755520572e-01,5.197343138195158474e-01
-1.594990227806861061e+00,-1.697742016826787825e+00,-1.804743447539094880e+00,-1.915722887472201652e+00,-2.030276153230415215e+00,-2.147843165554766731e+00,-2.267684718982780456e+00,-2.388861145971522326e+00,-2.510215275437800653e+00,-2.630362694370986798e+00,-2.747692801595002621e+00,-2.860384332542041275e+00,-2.966438739809480918e+00,-3.063733848422492301e+00,-3.150098444686816990e+00,-3.223405922564877457e+00,-3.281682033230509887e+00,-3.323218635990722092e+00,-3.346682801946886165e+00,-3.351209398596822986e+00
-9.817719974616960776e-01,-9.766550888528340302e-01,-9.553950633653041091e-01,-9.169213255861832224e-01,-8.610779738324727539e-01,-7.887576744726640943e-01,-7.018926502408542323e-01,-6.032893566011381381e-01,-4.963350042085217240e-01,-3.846379920870770519e-01,-2.716767162174349437e-01,-1.605190936621554432e-01,-5.364688831912478584e-02,4.711198910077907254e-02,1.405627923263559342e-01,2.260648631550907783e-01,3.034239331793521233e-01,3.727791157566490154e-01,4.344995403091459485e-01,4.890981101186383517e-01
-1.472388998309487107e+00,-1.460077018512002667e+00,-1.436541596833170509e+00,-1.400298756217611462e+00,-1.350039866967505109e+00,-1.284772245947309433e+00,-1.203971003590447619e+00,-1.107722393428724139e+00,-9.968329440774903460e-01,-8.728773797319395733e-01,-7.381642150152776249e-01,-5.956113658339783345e-01,-4.485424843295204855e-01,-3.004326156508398959e-01,-1.546431316210781226e-01,-1.418680678660644290e-02,1.184455220161568789e-01,2.413811179585251265e-01,3.533853930079047245e-01,4.538196421101247102e-01
-1.734241720039253032e+00,-1.636984616521915292e+00,-1.514338719760194518e+00,-1.368759328303471356e+00,-1.204573399086124486e+00,-1.027590976707940751e+00,-8.444362912976859370e-01,-6.617547029401713576e-01,-4.854851506977806430e-01,-3.203478548390605862e-01,-1.696108127461453119e-01,-3.511156323998831930e-02,8.254347394629446555e-02,1.836929841169616662e-01,2.693229290438629020e-01,3.408040477673172086e-01,3.996857286061161751e-01,4.475488872827443343e-01,4.859103721417977750e-01,5.161675868538565526e-01
-1.456698311365258292e+00,-1.481439706157394731e+00,-1.495616019348426029e+00,-1.497641901119590724e+00,-1.486134020702246872e+00,-1.460037948132610897e+00,-1.418749673389031241e+00,-1.362213668994623372e+00,-1.290979532538318431e+00,-1.206203706096084183e+00,-1.109591207655075795e+00,-1.003282875234163374e+00,-8.897034735782671788e-01,-7.713923717767059429e-01,-6.508397689616156612e-01,-5.303477653150960869e-01,-4.119285895321216362e-01,-2.972443166165632533e-01,-1.875855024778607660e-01,-8.388154015202431424e-02
-9.830664014044832033e-01,-1.196165482084252218e+00,-1.395259437758328502e+00,-1.545581511487797322e+00,-1.606798511293705545e+00,-1.550278893221578080e+00,-1.377424438452445443e+00,-1.121795802247535612e+00,-8.313241992365074662e-01,-5.470020714191194955e-01,-2.930411469832321369e-01,-7.844539363805003163e-02,9.717700794120154306e-02,2.385073932175214573e-01,3.514229243451038043e-01,4.415181046757347127e-01,5.135647116916719490e-01,5.714230195259151213e-01,6.181339823610551010e-01,6.560631538222119197e-01
-2.088346471173849750e-01,-2.970782040873667373e-01,-3.897133941962656056e-01,-4.849602184309453889e-01,-5.801789100209724381e-01,-6.717896363038589058e-01,-7.553337846942580480e-01,-8.257506002202745776e-01,-8.779080416541877874e-01,-9.073448176624074879e-01,-9.110707077087460970e-01,-8.881908779490579331e-01,-8.401334498587964550e-01,-7.703880534557365767e-01,-6.838461847420940209e-01,-5.859680140091945155e-01,-4.820182250329443363e-01,-3.765305085570853638e-01,-2.730442846139677915e-01,-1.740693787561151673e-01
-6.450179297907261411e-01,-6.662124156059063829e-01,-6.856933221901522213e-01,-7.030241205027305540e-01,-7.177321348904448506e-01,-7.293173832013593039e-01,-7.372654379357530541e-01,-7.410645488965530436e-01,-7.402268728667387165e-01,-7.343131247682794793e-01,-7.229593397835138990e-01,-7.059038014990535181e-01,-6.830116700629174087e-01,-6.542945785267733072e-01,-6.199225812365054544e-01,-5.802264028796364492e-01,-5.356889224485967826e-01,-4.869260953656042723e-01,-4.346588436530520738e-01,-3.796785693712998455e-01
-3.244770091249713495e-01,-3.645017198299025374e-01,-4.061894245076165255e-01,-4.494517882777158135e-01,-4.941564300027849743e-01,-5.401195874658455409e-01,-5.870988603554114782e-01,-6.347865431811909875e-01,-6.828042213511413827e-01,-7.306994583591186476e-01,-7.779455221656250696e-01,-8.239451467191445388e-01,-8.680392564202237260e-01,-9.095213549932235075e-01,-9.476578671584678926e-01,-9.817141218608957942e-01,-1.010984922760569837e+00,-1.034827858810574597e+00,-1.052696803167186168e+00,-1.064172591724120487e+00
6.575637310115580725e-01,6.583317145013762861e-01,6.573367277083822513e-01,6.543937492316949101e-01,6.493719923698415553e-01,6.422132436987255666e-01,6.329457416621461219e-01,6.216906566509149412e-01,6.086591763955213619e-01,5.941398199258787205e-01,5.784774951106996799e-01,5.620474185497162933e-01,5.452278473267626602e-01,5.283754274052744337e-01,5.118059899907646537e-01,4.957822198256870427e-01,4.805082275850672824e-01,4.661300141273527764e-01,4.527402543909974098e-01,4.403857168057472293e-01
-1.074789763453387614e-02,-1.098892372854987087e-02,-4.977803713163808652e-03,7.978192835694786211e-03,2.826477583131103977e-02,5.586194173554603903e-02,9.028922495724900354e-02,1.306154654331872500e-01,1.755387821214624555e-01,2.235232445450124894e-01,2.729631206286927680e-01,3.223401608721493394e-01,3.703455795630543612e-01,4.159520870946953330e-01,4.584359563786375436e-01,4.973595114564342001e-01,5.325287679515234851e-01,5.639402549104280959e-01,5.917275741217669083e-01,6.161141050832187327e-01
-2.032324833732101155e+00,-2.226477659736243009e+00,-2.423347056043657854e+00,-2.619329041981357076e+00,-2.810116485643013640e+00,-2.990841883621442321e+00,-3.156324093808180464e+00,-3.301411208780602458e+00,-3.421388125275553804e+00,-3.512394724414323655e+00,-3.571787261661349966e+00,-3.598378579505823183e+00,-3.592513846915536213e+00,-3.555972278503450212e+00,-3.491720927516190009e+00,-3.403572912293174824e+00,-3.295812547626340461e+00,-3.172843761852631062e+00,-3.038901235939867718e+00,-2.897843229864929704e+00
-7.011254682014944617e-01,-7.233828718752959297e-01,-7.439795448123140975e-01,-7.624821578586129522e-01,-7.784249746589015917e-01,-7.913198559349032823e-01,-8.006701806389611153e-01,-8.059887208949276793e-01,-8.068190721534460597e-01,-8.027597013757925559e-01,-7.934890954663516016e-01,-7.787899667932574044e-01,-7.585701237651953921e-01,-7.328775617719636148e-01,-7.019076559548100835e-01,-6.660010528089297388e-01,-6.256318808213425786e-01,-5.813870638319988959e-01,-5.339386080378900612e-01,-4.840115356340579655e-01
-9.044521326435244202e-01,-1.025840381729002715e+00,-1.151960662246644951e+00,-1.281499981101774210e+00,-1.412713881443566688e+00,-1.543409173500098763e+00,-1.670964419552880109e+00,-1.792400165124412137e+00,-1.904506484715961623e+00,-2.004026968731408065e+00,-2.087886568652977282e+00,-2.153438184546976331e+00,-2.198693354241996190e+00,-2.222499854954516074e+00,-2.224635721187497861e+00,-2.205804210630007756e+00,-2.167533455620021421e+00,-2.112002118692013930e+00,-2.041823357483026236e+00,-1.959821614029637171e+00
-4.928006968483151784e-01,-5.969802992045971646e-01,-7.050887173692379495e-01,-8.140081762885948979e-01,-9.193219003506267750e-01,-1.015348996821719751e+00,-1.095502439819267870e+00,-1.153050019798530279e+00,-1.182219616085180558e+00,-1.179392692320462288e+00,-1.143985148182748102e+00,-1.078656341410313857e+00,-9.887430984127754119e-01,-8.811429308930898152e-01,-7.630613356608018094e-01,-6.409986954910116275e-01,-5.201611109181365489e-01,-4.042825639101961244e-01,-2.957348344574100008e-01,-1.957825388401661648e-01
-1.402615086788123300e+00,-1.439825415618645632e+00,-1.464708187108362925e+00,-1.475833397285263082e+00,-1.472243820170428208e+00,-1.453565177595648628e+00,-1.420062696030810923e+00,-1.372631844071615870e+00,-1.312723254205408363e+00,-1.242214355991169139e+00,-1.163249368986609245e+00,-1.078072646755849906e+00,-9.888777431535502593e-01,-8.976877472212623221e-01,-8.062740618234367496e-01,-7.161132843626261124e-01,-6.283766156717072171e-01,-5.439436236242154443e-01,-4.634317945264563310e-01,-3.872343506110333955e-01
-5.855933255589373942e-02,-7.946734892469842215e-02,-9.903131660849417983e-02,-1.168177305749513728e-01,-1.324248154798026711e-01,-1.455091078527332993e-01,-1.558087981849509696e-01,-1.631607082848571810e-01,-1.675086627900235214e-01,-1.689023872499684220e-01,-1.674875852554529310e-01,-1.634891348219560392e-01,-1.571901186866255795e-01,-1.489095636832005187e-01,-1.389813922390112921e-01,-1.277363831408668826e-01,-1.154881267571863379e-01,-1.025232265685387389e-01,-8.909545130731477691e-02,-7.542321095603221615e-02
-1.177288134646001794e+00,-1.127068024536805879e+00,-1.068375657318950012e+00,-1.000666308048096198e+00,-9.235530517482430923e-01,-8.368713010398418639e-01,-7.407458848377823646e-01,-6.356534427266666842e-01,-5.224706524573765609e-01,-4.024976158275861415e-01,-2.774464583745017698e-01,-1.493884722175675694e-01,-2.065894767787757047e-02,1.062737036915025746e-01,2.289605860890011613e-01,3.451276469414593651e-01,4.528134118308888567e-01,5.504720564835956509e-01,6.370314720192359337e-01,7.119042428431554548e-01
-1.796003525338385032e+00,-1.954408326811656771e+00,-2.111000620674401862e+00,-2.260731992924661427e+00,-2.397500156998968901e+00,-2.514441103021595847e+00,-2.604472401733726628e+00,-2.661067815306847439e+00,-2.679156256349827903e+00,-2.655954632774713442e+00,-2.591510986408749329e+00,-2.488787100911773020e+00,-2.353241197412440755e+00,-2.192025275170358611e+00,-2.013015500232290034e+00,-1.823906264503265096e+00,-1.631530834589915546e+00,-1.441471123156203848e+00,-1.257933237656426950e+00,-1.083817781381597012e+00
-3.409883740041882660e+00,-3.475213885224282429e+00,-3.528858869288388433e+00,-3.567587729670949059e+00,-3.587930968251405339e+00,-3.586343276690111104e+00,-3.559435747781297010e+00,-3.504271102912502656e+00,-3.418698775689865244e+00,-3.301687991465220406e+00,-3.153601953774515465e+00,-2.976352104170339796e+00,-2.773383886545599086e+00,-2.549475013406550694e+00,-2.310367024150389081e+00,-2.062288350356755728e+00,-1.811449247563444054e+00,-1.563588805959980288e+00,-1.323633828842322391e+00,-1.095497903144278862e+00
1.460100454644012169e-01,1.568268601974615040e-01,1.708061457433505126e-01,1.880496843889776226e-01,2.085766330611936725e-01,2.323109987213709537e-01,2.590742964620609268e-01,2.885850236115197198e-01,3.204658948936517371e-01,3.542588084505097212e-01,3.894464245070416997e-01,4.254782681017637014e-01,4.617986343713464947e-01,4.978734184018643871e-01,5.332133263903694465e-01,5.673916423373732698e-01,6.000556361378440728e-01,6.309316000981031181e-01,6.598242287449584964e-01,6.866115228201534748e-01
-3.815366942301292141e+00,-3.840168018492997604e+00,-3.841697771593358901e+00,-3.816995389465810185e+00,-3.763658067947755370e+00,-3.680107171116747899e+00,-3.565825581921351350e+00,-3.421525408746157737e+00,-3.249209447752437363e+00,-3.052104097316928666e+00,-2.834463509670860581e+00,-2.601269050060841082e+00,-2.357867574567801494e+00,-2.109601001501663298e+00,-1.861476224881980723e+00,-1.617910920911625805e+00,-1.382572357932578822e+00,-1.158308501245195465e+00,-9.471574996877032415e-01,-7.504146325268918893e-01
