-1.077709660337224040e+00,-1.064520918205092759e+00,-1.041292508874926082e+00,-1.007280673556792738e+00,-9.621415353218549793e-01,-9.060324861492110582e-01,-8.396713691242609912e-01,-7.643345793952038836e-01,-6.817856375807260783e-01,-5.941406075591051383e-01,-5.036912925893886062e-01,-4.127163259367265802e-01,-3.233109736982386906e-01,-2.372590851218268071e-01,-1.559585778251941779e-01,-8.039961192883327001e-02,-1.118565409442418002e-02,5.141664308329452204e-02,1.074129115764350662e-01,1.570134639250395647e-01
-8.433205701459469683e-01,-9.577463480784969008e-01,-8.824324058506076707e-01,-6.333079740129499147e-01,-3.115852487458690145e-01,-1.005038972757699156e-02,2.322848556324139668e-01,4.138470496826617273e-01,5.463682796421094334e-01,6.427235508092005167e-01,7.132610687811659078e-01,7.654916308984688333e-01,8.046717970640757667e-01,8.344476279246818562e-01,8.573574972965289920e-01,8.751857878869462315e-01,8.892024204258849318e-01,9.003232726478210823e-01,9.092177660875651046e-01,9.163815692746221098e-01
-1.705044670131060869e+00,-1.756527736294378528e+00,-1.796155180451514788e+00,-1.820412948961581456e+00,-1.825842787088076680e+00,-1.809430898685983724e+00,-1.769056409632141502e+00,-1.703915532328699189e+00,-1.614813133109232801e+00,-1.504224276235361035e+00,-1.376081224451636942e+00,-1.235320382753943846e+00,-1.087294701491345439e+00,-9.371878871601091454e-01,-7.895473389456635349e-01,-6.479991280598935699e-01,-5.151490348271889896e-01,-3.926313959941589715e-01,-2.812502175807600757e-01,-1.811600687688408318e-01
-9.162979024578679077e-01,-9.261468411250313171e-01,-9.300108832427600447e-01,-9.270925358562154273e-01,-9.166814150331537014e-01,-8.982092783560313709e-01,-8.713052569115202761e-01,-8.358448138000487138e-01,-7.919853157492158235e-01,-7.401817623253190703e-01,-6.811783434259306436e-01,-6.159748435657788068e-01,-5.457708090029633752e-01,-4.718939169076976636e-01,-3.957212633373072830e-01,-3.186028059820185110e-01,-2.417949679202744395e-01,-1.664099141028996254e-01,-9.338299378972569897e-02,-2.345802573878197350e-02
-1.006548898670844405e+00,-1.051709188865540767e+00,-1.043017235275492283e+00,-9.721715554730265829e-01,-8.421352899271856707e-01,-6.673949687279547849e-01,-4.690401777818931084e-01,-2.678108552688722721e-01,-7.913663715117658093e-02,8.828459114234710192e-02,2.313696156124069869e-01,3.506686019228483220e-01,4.486007875395613409e-01,5.282604798589806139e-01,5.927456838284734797e-01,6.448444048249036831e-01,6.869283578546778735e-01,7.209519180966879048e-01,7.484965451814802329e-01,7.708292635716746943e-01
-1.238210262012762186e+00,-1.198762277463824244e+00,-1.129001143270796259e+00,-1.028823010751681366e+00,-9.008948861541110631e-01,-7.505398802294482863e-01,-5.850261869516535373e-01,-4.124494094140380707e-01,-2.405490344768679289e-01,-7.578437086559142166e-02,7.715642391505461717e-02,2.154216401358043376e-01,3.377614860080250248e-01,4.441497790269119950e-01,5.353869307554797174e-01,6.127574795521748552e-01,6.777702096597892911e-01,7.319801592309342908e-01,7.768782913028207116e-01,8.138311079974198670e-01
-8.738163911249694493e-01,-9.346784776254606353e-01,-9.997865477182397154e-01,-1.069406223096444730e+00,-1.143794642798090067e+00,-1.223189940324751923e+00,-1.307797280279733076e+00,-1.397770724960408995e+00,-1.493190187800327973e+00,-1.594032809384545502e+00,-1.700138321876539127e+00,-1.811168425527442061e+00,-1.926560975328158065e+00,-2.045480952542165554e+00,-2.166771825610470881e+00,-2.288912950608446906e+00,-2.409990924883447683e+00,-2.527694851167228141e+00,-2.639346570516125201e+00,-2.741976122717048714e+00
-9.577283131340554867e-01,-9.601040775428955065e-01,-7.887795953718383934e-01,-4.779171228129210913e-01,-1.260837428434671281e-01,1.836292785091646618e-01,4.203786959539803636e-01,5.885742179454902523e-01,7.040765714379442208e-01,7.823273650121268519e-01,8.351018893682414790e-01,8.706132182113084372e-01,8.944015150675316272e-01,9.101716034176374759e-01,9.204085307504334956e-01,9.267935096991027910e-01,9.304764255273829665e-01,9.322529322368341420e-01,9.326798699586756891e-01,9.321511100448949261e-01
-4.409564190160806252e-01,-5.807376720877455156e-01,-6.715184986762423591e-01,-6.883134119255553962e-01,-6.240731807344526150e-01,-4.946691840339660917e-01,-3.293890645228088054e-01,-1.564025593902034217e-01,5.551844150590956595e-03,1.476336354370195725e-01,2.677593811326755002e-01,3.673609192654173627e-01,4.492325469750170219e-01,5.163944308945704886e-01,5.715982386455789044e-01,6.171687161669321409e-01,6.549977777899131937e-01,6.865966878264893047e-01,7.131626729964561928e-01,7.356420034732078506e-01
-1.709212392117358537e+00,-1.821336149093447876e+00,-1.888526472582325422e+00,-1.903148240302519056e+00,-1.863667970405747276e+00,-1.775076610657769560e+00,-1.647445821843667169e+00,-1.493339395137274206e+00,-1.325199978621227626e+00,-1.153534000433110052e+00,-9.861219944430101858e-01,-8.280353279058210170e-01,-6.820939524291231848e-01,-5.494604172792241226e-01,-4.301911851343929172e-01,-3.236726087346075698e-01,-2.289324773604162200e-01,-1.448463139534033051e-01,-7.026496645862367885e-02,-4.087763529107224514e-03
1.701802751215093501e-01,2.073530349762614522e-01,2.635720231730181995e-01,3.304165958397818903e-01,3.985262592208805854e-01,4.609065336269703161e-01,5.140264003995309583e-01,5.571411480468504429e-01,5.910900744543126084e-01,6.173353613460279554e-01,6.374091521990958853e-01,6.526686744398348949e-01,6.642247153592648612e-01,6.729496588857406536e-01,6.795140019385238483e-01,6.844276866957393901e-01,6.880770273488223676e-01,6.907546991964392813e-01,6.926829830252752007e-01,6.940313528599414417e-01
-9.448216735433472291e-01,-9.771429533080948637e-01,-9.564803999799320611e-01,-8.801276547608336553e-01,-7.558881505041887827e-01,-5.995953609800745987e-01,-4.295807388274681671e-01,-2.615217358527746061e-01,-1.059127820911518469e-01,3.191226977205752213e-02,1.504549004461911421e-01,2.505320706742871772e-01,3.340900465266709585e-01,4.034486126223366664e-01,4.608881811373148896e-01,5.084595344760287627e-01,5.479204033671021268e-01,5.807365223275077204e-01,6.081110321744549463e-01,6.310230643699170638e-01
-4.435857327897529956e-02,-1.406633800823475777e-01,-2.461542660482896050e-01,-3.610503665341424639e-01,-4.853008095191300164e-01,-6.184866447090928698e-01,-7.597148065816714535e-01,-9.075155103017411573e-01,-1.059760798022788997e+00,-1.213627697438576902e+00,-1.365632108776162479e+00,-1.511755947665720079e+00,-1.647677673697720557e+00,-1.769095067936326870e+00,-1.872103150102301328e+00,-1.953567829114091658e+00,-2.011427010141607408e+00,-2.044861572502597813e+00,-2.054307191477225736e+00,-2.041314713154637417e+00
-3.185696654780773684e+00,-3.328958002687500972e+00,-3.448815831579934432e+00,-3.537582061362427588e+00,-3.588104291466193807e+00,-3.594706050335846115e+00,-3.554099842625845440e+00,-3.466044629608583172e+00,-3.333548821769168669e+00,-3.162535305327704549e+00,-2.961044295287452499e+00,-2.738180894927231712e+00,-2.503060358542268826e+00,-2.263957689210820412e+00,-2.027767739196185470e+00,-1.799779784996149878e+00,-1.583702211454745878e+00,-1.381847056015271136e+00,-1.195390290368687936e+00,-1.024645585158360461e+00
-1.170900746617752120e+00,-1.260458162568035778e+00,-1.349350538122423782e+00,-1.435916440558107077e+00,-1.518248571334632757e+00,-1.594254527240295705e+00,-1.661752604803711009e+00,-1.718600158505335873e+00,-1.762845011687748542e+00,-1.792883296267895776e+00,-1.807602031388355623e+00,-1.806483899099385670e+00,-1.789656209939984866e+00,-1.757875391046452407e+00,-1.712450088772379253e+00,-1.655116809373303077e+00,-1.587888965774819194e+00,-1.512901821292109261e+00,-1.432272561566668490e+00,-1.347988394572528836e+00
-1.071400218075018174e+00,-1.409805769736867109e+00,-1.748362949818045742e+00,-2.038147514574718322e+00,-2.222058166246756450e+00,-2.259533768323092939e+00,-2.148857480971444023e+00,-1.926456430571193756e+00,-1.644796401589520674e+00,-1.349668654326517281e+00,-1.070396152874987461e+00,-8.210295304786221493e-01,-6.055104957529882093e-01,-4.224155921553747195e-01,-2.680574454348929603e-01,-1.381693136784345466e-01,-2.869207200587942097e-02,6.392593936730617266e-02,1.426656696368852062e-01,2.099759961037492850e-01
-1.436616605089688470e+00,-1.495517353199767197e+00,-1.543306536766845483e+00,-1.576828297743246399e+00,-1.593122527536366739e+00,-1.589769496920343528e+00,-1.565240434262590075e+00,-1.519179620088802807e+00,-1.452543686778031251e+00,-1.367551138835365609e+00,-1.267443377937993443e+00,-1.156109266696777826e+00,-1.037657461980039386e+00,-9.160229479853587709e-01,-7.946700763587859484e-01,-6.764182984972961776e-01,-5.633840105794967190e-01,-4.570115921586646035e-01,-3.581600594757559097e-01,-2.672149868584074994e-01
-4.336789796136337749e-01,-4.207602173268494283e-01,-4.057463454240874956e-01,-3.883922486893536252e-01,-3.684460001687861475e-01,-3.456584575472325671e-01,-3.197970189109609063e-01,-2.906642389828033579e-01,-2.581216713776857130e-01,-2.221186417943448177e-01,-1.827245940315602724e-01,-1.401621860701389721e-01,-9.483660366679202980e-02,-4.735498876493626774e-02,1.470925146466184330e-03,5.064517430747328408e-02,9.903434700399960100e-02,1.454393850613854289e-01,1.886850683837819620e-01,2.277145844079826453e-01
-1.752867885498878842e+00,-1.902888359902089377e+00,-2.046325380085847190e+00,-2.173983872506474846e+00,-2.274555116966848090e+00,-2.335700503765876679e+00,-2.346059590234916392e+00,-2.297889622105641294e+00,-2.189499808839899586e+00,-2.026382294166037212e+00,-1.820346322616472889e+00,-1.586916523705041993e+00,-1.342091488850735814e+00,-1.099676327465280323e+00,-8.698521863965191780e-01,-6.589552646258363122e-01,-4.700385724273665744e-01,-3.037442776643208830e-01,-1.591606201507071994e-01,-3.450963599370182600e-02
-5.089281145003490270e-01,-5.023686700289446971e-01,-4.936319988369839429e-01,-4.825498055611692205e-01,-4.690000253394559504e-01,-4.529240787026813653e-01,-4.343430331826567681e-01,-4.133703324880537711e-01,-3.902186119783592755e-01,-3.651984793183860045e-01,-3.387080686150740760e-01,-3.112135710600028027e-01,-2.832225171009665754e-01,-2.552529321015908348e-01,-2.278022308896401338e-01,-2.013196490970845520e-01,-1.761851758408836677e-01,-1.526966243913696619e-01,-1.310650358019120887e-01,-1.114174017247802073e-01
-1.425303512993818522e+00,-1.438897674479190592e+00,-1.435559781147772274e+00,-1.413565899289758399e+00,-1.372001159675029669e+00,-1.310955440239243153e+00,-1.231606183817265165e+00,-1.136158198367748451e+00,-1.027643182038815883e+00,-9.096162326463750336e-01,-7.858096539720853535e-01,-6.598080409418838332e-01,-5.347939465098894285e-01,-4.133886758423519492e-01,-2.975881128863786529e-01,-1.887761576809670050e-01,-8.779063164755918081e-02,4.983217909572346116e-03,8.951151362318254812e-02,1.660162104272356887e-01
-1.257367098147770257e-01,-1.573187162861788835e-01,-1.856901578970304723e-01,-2.094351206324664982e-01,-2.270373010884780829e-01,-2.370003747589926046e-01,-2.380082033265358277e-01,-2.291047489515964930e-01,-2.098594351978684269e-01,-1.804770261061978687e-01,-1.418180744814920846e-01,-9.531725586560768626e-02,-4.281525240620176476e-02,1.365671364046527891e-02,7.209184215945252383e-02,1.306821529266155579e-01,1.879305323217881352e-01,2.426982331281343219e-01,2.941996299253061276e-01,3.419621272972411807e-01
-2.509432535660587327e+00,-2.720963633613222576e+00,-2.923891275378249777e+00,-3.108082530710150948e+00,-3.261821688935340191e+00,-3.372937186646550067e+00,-3.430496859559086786e+00,-3.426773802395963742e+00,-3.358938729164727910e+00,-3.229881753484849405e+00,-3.047814824652068211e+00,-2.824764669980804221e+00,-2.574475480477704359e+00,-2.310372806751965769e+00,-2.044072239036130334e+00,-1.784608694782481741e+00,-1.538299788128297596e+00,-1.309029126662669462e+00,-1.098729259167373851e+00,-9.079015708938811269e-01
-4.455519793038780207e-01,-4.738419861762419583e-01,-4.993494463292078578e-01,-5.209563087271329440e-01,-5.373758841698572652e-01,-5.471853258058489988e-01,-5.488889157687208975e-01,-5.410173867372181089e-01,-5.222628989399693555e-01,-4.916401497322089309e-01,-4.486527307169172474e-01,-3.934336928336561456e-01,-3.268253080764642604e-01,-2.503696212745682992e-01,-1.661993476165186667e-01,-7.684324180592527753e-02,1.501776483014427566e-02,1.067963953173913794e-01,1.962035360347604840e-01,2.813839574683760780e-01
1.704472880062247730e-01,1.523982430119679155e-01,1.330701140880106159e-01,1.123929483428872667e-01,9.030233281917798838e-02,6.674293385855589733e-02,4.167295510456681118e-02,1.506962958815794007e-02,-1.306417510245627689e-02,-4.269222850435760996e-02,-7.373618828985328832e-02,-1.060660996169733306e-01,-1.394906386042753521e-01,-1.737478793772557761e-01,-2.084976846058703703e-01,-2.433171322219849220e-01,-2.777006218644300084e-01,-3.110663516130627304e-01,-3.427706040983375946e-01,-3.721306359846636713e-01
-8.392239987817797786e-01,-8.440431275380828602e-01,-8.465423301264960454e-01,-8.463038912863569685e-01,-8.428862402064507542e-01,-8.358369492148853830e-01,-8.247109361449398435e-01,-8.090940797973906751e-01,-7.886317849197324037e-01,-7.630611086740808346e-01,-7.322439712422119662e-01,-6.961979069326260650e-01,-6.551200511094801282e-01,-6.093999250499086973e-01,-5.596173350894049214e-01,-5.065234138355187987e-01,-4.510052843003125034e-01,-3.940375214492877198e-01,-3.366258596253659530e-01,-2.797498493952541576e-01
-1.890749839249411757e+00,-1.890163396634244375e+00,-1.866665480302967417e+00,-1.817973028639808142e+00,-1.742944918826486500e+00,-1.641895464670896754e+00,-1.516743267846963228e+00,-1.370935521016221958e+00,-1.209140871918088500e+00,-1.036766067664376401e+00,-8.593975065258365742e-01,-6.822800830234720948e-01,-5.099210904305013781e-01,-3.458613380332840048e-01,-1.926095604076416556e-01,-5.170461585086760792e-02,7.614249174662379716e-02,1.908718011357938282e-01,2.928965968457897251e-01,3.829452825886384693e-01
-8.694336328477070275e-02,-1.364300310894981383e-01,-1.922793739697064019e-01,-2.554719715403812597e-01,-3.271276794102357943e-01,-4.085033000375863921e-01,-5.009701103506685183e-01,-6.059554232294954712e-01,-7.248236470256779196e-01,-8.586612584258959124e-01,-1.007919359818440608e+00,-1.171865162809278438e+00,-1.347817975432222593e+00,-1.530227098401288011e+00,-1.709822239763971297e+00,-1.873323928731331911e+00,-2.004405761266327080e+00,-2.086435086516552406e+00,-2.106681885252075670e+00,-2.060426590985325657e+00
-8.710209195819060835e-01,-8.907337185484707209e-01,-9.062784717340151008e-01,-9.169692713126607053e-01,-9.221663038688676650e-01,-9.213159541628059834e-01,-9.139919418952837660e-01,-8.999331998069255434e-01,-8.790737405049595665e-01,-8.515600992995207008e-01,-8.177531781405269484e-01,-7.782133105376058957e-01,-7.336697408743493298e-01,-6.849779433231391046e-01,-6.330697938024318905e-01,-5.789022309086735429e-01,-5.234096480780061622e-01,-4.674640592622105739e-01,-4.118454452636834962e-01,-3.572230157258942107e-01
-1.161634491276699155e+00,-1.351756990290676974e+00,-1.483317359561961535e+00,-1.533804423886884205e+00,-1.497176136461963125e+00,-1.386084751139783133e+00,-1.225009701338233725e+00,-1.040088273604951929e+00,-8.520458387720493132e-01,-6.740400292721790976e-01,-5.127134638831642999e-01,-3.702773758362423173e-01,-2.463915704077968005e-01,-1.394724632647115214e-01,-4.747751099839514488e-02,3.167525794112691084e-02,9.990937175893788158e-02,1.589149069292343786e-01,2.101362819166476825e-01,2.547890573721497409e-01
-1.330282358734995451e+00,-1.464568609858548864e+00,-1.593282209672389538e+00,-1.710279624898329409e+00,-1.808581600650259968e+00,-1.881056301307477696e+00,-1.921392655080728762e+00,-1.925183611886521096e+00,-1.890823730904607203e+00,-1.819918342755644680e+00,-1.717042876021795728e+00,-1.588924441047046887e+00,-1.443316402793400233e+00,-1.287897479355943453e+00,-1.129443848379281690e+00,-9.733719583626627703e-01,-8.236180952875413741e-01,-6.827520609334836177e-01,-5.522131734490081101e-01,-4.325814500542650709e-01
-4.880950520194129449e-01,-4.592985992994080835e-01,-4.225498742475315428e-01,-3.773702365826649974e-01,-3.235573352286578164e-01,-2.612687324036939707e-01,-1.910865004531692168e-01,-1.140461023019894160e-01,-3.161563031313563421e-02,5.438077670764762672e-02,1.418900273036493020e-01,2.287903910194554191e-01,3.130594266241599755e-01,3.929223882621204478e-01,4.669597021048470520e-01,5.341627239805426530e-01,5.939385788977034064e-01,6.460738961864214147e-01,6.906718528653721378e-01,7.280772176199207246e-01
-1.361776955818467805e-01,-1.607452304238567997e-01,-1.829612034661209918e-01,-2.020572151563797547e-01,-2.172615582215668972e-01,-2.278535930295009226e-01,-2.332250014293746343e-01,-2.329401226942664493e-01,-2.267858033601770629e-01,-2.148015270222480844e-01,-1.972834212018002020e-01,-1.747605519364130444e-01,-1.479473608134425078e-01,-1.176805088101522401e-01,-8.485050797025373015e-02,-5.033799680910577834e-02,-1.496193274582302557e-02,2.055654837599474316e-02,5.561420559445129363e-02,8.973174518910664865e-02
-9.444855420186282213e-01,-1.043525417908869990e+00,-1.150103495421513689e+00,-1.263672881352562616e+00,-1.383035442316039809e+00,-1.506103764820121871e+00,-1.629652704524764406e+00,-1.749117950780620490e+00,-1.858537193902451978e+00,-1.950759881359702685e+00,-2.018043848492223180e+00,-2.053074711901911265e+00,-2.050274711374258096e+00,-2.007065826691059929e+00,-1.924643902347882296e+00,-1.807927171435862679e+00,-1.664655039100451095e+00,-1.503956751194459596e+00,-1.334874780007771822e+00,-1.165244051881380916e+00
