-4.606912364080011368e-01,-5.257451352014674839e-01,-5.932218395500610253e-01,-6.621427289362178392e-01,-7.311363144777882628e-01,-7.983959257759116745e-01,-8.616771770410687203e-01,-9.183588129872091166e-01,-9.655876785077646129e-01,-1.000515706290007412e+00,-1.020612725274577581e+00,-1.024008202761333752e+00,-1.009789534546427170e+00,-9.781791849130272443e-01,-9.305369038722950403e-01,-8.691809709522284599e-01,-7.970742409996929290e-01,-7.174538968412751405e-01,-6.334862969370624874e-01,-5.480047113250408053e-01
-4.384419534295329601e-01,-4.970440067318400157e-01,-5.515930347236532860e-01,-6.002301688716975558e-01,-6.410274255810788357e-01,-6.721300081313368313e-01,-6.919246378500327754e-01,-6.992108895123001489e-01,-6.933456416742815875e-01,-6.743311744724962420e-01,-6.428267806327536693e-01,-6.000799844773783143e-01,-5.477913149707251961e-01,-4.879399015573000487e-01,-4.226019103767779672e-01,-3.537897544347288203e-01,-2.833301130998835404e-01,-2.127873700273286151e-01,-1.434296333334075246e-01,-7.622874009764335490e-02
-1.093064484766413269e+00,-1.167910015434554971e+00,-1.243743498800858216e+00,-1.319305055702484353e+00,-1.393013518959890895e+00,-1.462972978365437715e+00,-1.527016956534822612e+00,-1.582799883196776225e+00,-1.627939750699086918e+00,-1.660205794234651755e+00,-1.677732116799503181e+00,-1.679225881690059818e+00,-1.664131967233311471e+00,-1.632719137215620453e+00,-1.586066918560032679e+00,-1.525953907115512376e+00,-1.454669957486023346e+00,-1.374789220889443442e+00,-1.288944171753859447e+00,-1.199633371591747988e+00
-1.495988162288911294e+00,-1.564252249217399804e+00,-1.622990310540203929e+00,-1.668843428312431598e+00,-1.698400879390168594e+00,-1.708524014055169626e+00,-1.696730666827717116e+00,-1.661576873911400742e+00,-1.602951515213564271e+00,-1.522202692784830447e+00,-1.422048611608365931e+00,-1.306281784346931207e+00,-1.179331570689142517e+00,-1.045782871948966353e+00,-9.099468985687464428e-01,-7.755493975148963770e-01,-6.455598551165451227e-01,-5.221491766704100534e-01,-4.067424556970611338e-01,-3.001280462659767778e-01
-1.674060619623546575e+00,-1.637950825660332566e+00,-1.590633096867550833e+00,-1.530779678081991779e+00,-1.457291184156610964e+00,-1.369472768993227341e+00,-1.267230530420857537e+00,-1.151259341796793567e+00,-1.023180325679185820e+00,-8.855807227285690253e-01,-7.419178427468953174e-01,-5.962751241008446002e-01,-4.529969617618951894e-01,-3.162662685921002748e-01,-1.897083793246714389e-01,-7.609727730738646834e-02,2.279141840691556453e-02,1.061774327911026994e-01,1.741538161836195808e-01,2.274943773215635234e-01
-7.918326818822234436e-01,-8.529742251641467821e-01,-9.144559911496854543e-01,-9.756391746813519728e-01,-1.035768896345030665e+00,-1.093976829042648369e+00,-1.149291712685116984e+00,-1.200659406460020229e+00,-1.246973547079723854e+00,-1.287116886411130423e+00,-1.320012000710845790e+00,-1.344678438716904179e+00,-1.360291774418527666e+00,-1.366238812588721707e+00,-1.362162732189226233e+00,-1.347992509646948278e+00,-1.323952587119022972e+00,-1.290551210014958539e+00,-1.248548681125827731e+00,-1.198909378524434022e+00
-2.305826138340620002e+00,-2.281078073347598156e+00,-2.254273067517016393e+00,-2.225261080873049746e+00,-2.193890484115259554e+00,-2.160011441454444014e+00,-2.123480420401008040e+00,-2.084166042153466680e+00,-2.041956482215332436e+00,-1.996768601117281161e+00,-1.948558917084381115e+00,-1.897336411522427824e+00,-1.843176969318362168e+00,-1.786238987272081413e+00,-1.726779332317535776e+00,-1.665168409866943033e+00,-1.601902650531099148e+00,-1.537612313047071133e+00,-1.473062240771453535e+00,-1.409143233668237905e+00
1.080546640525434920e-01,1.304893739749307668e-01,1.539494102717517965e-01,1.783485055112392637e-01,2.035604762815508284e-01,2.294131828178381793e-01,2.556833046617801308e-01,2.820927203899246116e-01,3.083074312169075126e-01,3.339400397398973874e-01,3.585567267087917953e-01,3.816894032414908100e-01,4.028532188930107338e-01,4.215688908417167813e-01,4.373884684366798892e-01,4.499223157633959191e-01,4.588644870688671773e-01,4.640134848965001835e-01,4.652857514814237039e-01,4.627201377474678967e-01
-5.690242802774370112e-02,-1.111748372414735897e-01,-1.527173868167261972e-01,-1.768346905826432280e-01,-1.799918926476928860e-01,-1.607548093437873860e-01,-1.202755294442563461e-01,-6.207130021153339783e-02,8.819050178876075563e-03,8.693178009847157828e-02,1.673183511499808374e-01,2.460972496054418812e-01,3.206087951591730656e-01,3.892971892090687502e-01,4.514667633230637911e-01,5.070200026174698227e-01,5.562335799940456571e-01,5.995904062768362408e-01,6.376648641841541343e-01,6.710503259356731531e-01
-1.385682729433812099e+00,-1.436125009372896333e+00,-1.485359625891375934e+00,-1.532691410072279936e+00,-1.577328670215881967e+00,-1.618389234154471445e+00,-1.654913672428955707e+00,-1.685887062225349897e+00,-1.710270172945520972e+00,-1.727040126553144539e+00,-1.735239410455017506e+00,-1.734030687321920450e+00,-1.722753353411832666e+00,-1.700976543116364148e+00,-1.668542610243902935e+00,-1.625595340622963292e+00,-1.572588416238464237e+00,-1.510271865202801767e+00,-1.439657036868432272e+00,-1.361963487424951769e+00
-2.175950353756310740e-01,-2.114154716331164696e-01,-2.035566333273710615e-01,-1.938700898740377543e-01,-1.822241540203828336e-01,-1.685135102445634026e-01,-1.526698120311309470e-01,-1.346725431159181419e-01,-1.145591470252669275e-01,-9.243319623395729323e-02,-6.846927327834428922e-02,-4.291334465752338900e-02,-1.607776921086245814e-02,1.166931449118580044e-02,3.991971348590361846e-02,6.824473028877342529e-02,9.621662705968325735e-02,1.234297809957204395e-01,1.495193820603564205e-01,1.741759626687456874e-01
-1.913162522032011204e+00,-2.000912557244720613e+00,-2.083124298774158500e+00,-2.156856205538183247e+00,-2.218747461814731370e+00,-2.265146894920108789e+00,-2.292331003965198732e+00,-2.296811694006086313e+00,-2.275711770266689360e+00,-2.227158889662483432e+00,-2.150625395792792105e+00,-2.047134107324969587e+00,-1.919267723769168210e+00,-1.770961535814493448e+00,-1.607112747881292769e+00,-1.433084707515243750e+00,-1.254203627371474727e+00,-1.075334157195162010e+00,-9.005870864243141760e-01,-7.331731457429109255e-01
-1.070128388583531986e+00,-1.119148532510220395e+00,-1.168186526468160125e+00,-1.216214610185020195e+00,-1.261890645725160631e+00,-1.303525469009563231e+00,-1.339077400431849085e+00,-1.366192740886853496e+00,-1.382312630376561824e+00,-1.384861938267393455e+00,-1.371521370728591371e+00,-1.340558706057528582e+00,-1.291163855481920475e+00,-1.223707687474775874e+00,-1.139842576065359658e+00,-1.042393849166403541e+00,-9.350496483963268712e-01,-8.219183788278430214e-01,-7.070592321114488321e-01,-5.940870269933871128e-01
-1.422655402972504479e+00,-1.469977963496286399e+00,-1.512752861199749610e+00,-1.549581322415958251e+00,-1.578954348311770062e+00,-1.599307801679224372e+00,-1.609099685163107640e+00,-1.606907831772797390e+00,-1.591541990031714260e+00,-1.562159598882645994e+00,-1.518370562754458586e+00,-1.460314492858793667e+00,-1.388695418972186957e+00,-1.304764334444978857e+00,-1.210248312986733854e+00,-1.107234333982086483e+00,-9.980238212167065193e-01,-8.849781009166068912e-01,-7.703746212733417753e-01,-6.562894417464175678e-01
-6.816153342678512583e-01,-7.063568575634187052e-01,-7.317836279788072495e-01,-7.578008514969489795e-01,-7.842825881171187064e-01,-8.110666503095471658e-01,-8.379494256508430716e-01,-8.646809501765118089e-01,-8.909606930885998199e-01,-9.164346620161036849e-01,-9.406945848134340427e-01,-9.632800417455078534e-01,-9.836844717553798745e-01,-1.001365909429126066e+00,-1.015763073733081612e+00,-1.026316985174953178e+00,-1.032497625146241216e+00,-1.033834312901345864e+00,-1.029947573276608352e+00,-1.020579479807447676e+00
-6.543885509377462828e-01,-7.258136402314701030e-01,-8.045669665701162820e-01,-8.906848119505699213e-01,-9.835930985405638705e-01,-1.081714154961471497e+00,-1.181945356826848759e+00,-1.279070238068638954e+00,-1.365296649161377829e+00,-1.430312005563780797e+00,-1.462389523355819954e+00,-1.450898760764962159e+00,-1.389801913896465901e+00,-1.280606892680477227e+00,-1.132864923655913181e+00,-9.615461778029432693e-01,-7.826894712744465465e-01,-6.096305418036276347e-01,-4.512027601624648554e-01,-3.118162325273476920e-01
-1.180294774718832596e+00,-1.245505211740340457e+00,-1.312831049881620693e+00,-1.381951250400827558e+00,-1.452433771817860375e+00,-1.523719344447986845e+00,-1.595106907562101828e+00,-1.665742645477992667e+00,-1.734615064666528816e+00,-1.800558946561217954e+00,-1.862271140074015285e+00,-1.918340842768676335e+00,-1.967296084777574006e+00,-2.007666467632974516e+00,-2.038059862368521546e+00,-2.057247999459250298e+00,-2.064253193934087349e+00,-2.058426526671110590e+00,-2.039507335693499623e+00,-2.007655305633393006e+00
-2.357190857396298078e+00,-2.452151916263362708e+00,-2.514507571275376829e+00,-2.535232570928588114e+00,-2.507084637911694003e+00,-2.426207616838249148e+00,-2.293346018467439684e+00,-2.114175038647724492e+00,-1.898523141515461088e+00,-1.658699492360434569e+00,-1.407480491897410868e+00,-1.156361095829688157e+00,-9.144539019640429700e-01,-6.881038710589542085e-01,-4.810562122209791625e-01,-2.949332197866756378e-01,-1.298068635846938434e-01,1.526923725037065971e-02,1.418313154328421088e-01,2.516932077898956788e-01
-2.153772444791051566e+00,-2.186349331890183212e+00,-2.207012540720286964e+00,-2.213308300859573752e+00,-2.202829022642622370e+00,-2.173399950337987718e+00,-2.123299187693349577e+00,-2.051487456534097031e+00,-1.957812762879073798e+00,-1.843149431323500842e+00,-1.709435006662334722e+00,-1.559584050310727221e+00,-1.397282188688760307e+00,-1.226689880767356300e+00,-1.052104572745977684e+00,-8.776358552482996789e-01,-7.069398881698916171e-01,-5.430410465134209996e-01,-3.882475738940411869e-01,-2.441504585632330304e-01
-2.400376018621614538e+00,-2.395904312550121151e+00,-2.384532548953266939e+00,-2.365027783464336952e+00,-2.336053029834869399e+00,-2.296198942214568106e+00,-2.244034998287540272e+00,-2.178183999522092851e+00,-2.097422034328141560e+00,-2.000802777613126082e+00,-1.887799906668050198e+00,-1.758454786417042115e+00,-1.613509520029778432e+00,-1.454500022432192008e+00,-1.283782642073607150e+00,-1.104473443391611465e+00,-9.202923470184503074e-01,-7.353228822679607202e-01,-5.537174335210417464e-01,-3.793913247861531168e-01
-1.698308237784478703e+00,-1.663205135716414595e+00,-1.614597579642639946e+00,-1.551612276611572749e+00,-1.473777377507143882e+00,-1.381133142484996856e+00,-1.274316237916309102e+00,-1.154599355106236569e+00,-1.023871763957689307e+00,-8.845548488692762668e-01,-7.394581514734652750e-01,-5.915930446601247450e-01,-4.439694771417435071e-01,-2.994037403151545984e-01,-1.603613615950729709e-01,-2.885058672553153514e-02,9.362863014110511806e-02,2.060846951513112257e-01,3.079945045755125843e-01,3.992374019431014220e-01
-2.717354972871741658e+00,-2.771035548746672905e+00,-2.791905693102537001e+00,-2.773139304421163409e+00,-2.709607196849736610e+00,-2.599021354509511994e+00,-2.442783688171928702e+00,-2.246213784657330681e+00,-2.017992083424644090e+00,-1.768926910623730642e+00,-1.510396173005529530e+00,-1.252895313925441290e+00,-1.005016873266460387e+00,-7.729808497025842939e-01,-5.606478992231367364e-01,-3.698488728164472938e-01,-2.008553765126779300e-01,-5.285959903062154019e-02,7.561164692764754669e-02,1.863771806733597325e-01
-5.611987020586062247e-01,-5.374240945385808654e-01,-5.032001293007133391e-01,-4.581863545347972799e-01,-4.026401055024204645e-01,-3.374933120458956104e-01,-2.643393191763947492e-01,-1.853172789798489539e-01,-1.029084981831909218e-01,-1.968415402720880003e-02,6.194373597834579304e-02,1.399212189633982639e-01,2.126731969447547277e-01,2.791415681164328699e-01,3.387550421085013808e-01,3.913544780388847899e-01,4.370981177824982966e-01,4.763659139475754367e-01,5.096750127733764568e-01,5.376119639220102719e-01
1.989425034746372667e-01,2.016038928816326070e-01,2.045265551532793324e-01,2.077055045500563191e-01,2.111222956389862127e-01,2.147413815656109559e-01,2.185070274567920690e-01,2.223416631663659437e-01,2.261467014616064253e-01,2.298067196254343081e-01,2.331973778616083237e-01,2.361965324706384317e-01,2.386969232279666508e-01,2.406180003135063306e-01,2.419143444412081845e-01,2.425788964776550705e-01,2.426405956543418174e-01,2.421574610829246854e-01,2.412070840211482103e-01,2.398766785113669586e-01
-4.592121150651157002e+00,-4.494862848415250411e+00,-4.368670243213479409e+00,-4.212205273340711820e+00,-4.025051442253709588e+00,-3.807914831898099095e+00,-3.562757689869441968e+00,-3.292830736198187225e+00,-3.002581271064824975e+00,-2.697433139381353318e+00,-2.383457791089883315e+00,-2.066976933374229386e+00,-1.754150325806283384e+00,-1.450603263184443659e+00,-1.161137388716592334e+00,-8.895496400062861131e-01,-6.385632376207035499e-01,-4.098570980074440762e-01,-2.041691194488104433e-01,-2.144504660994228651e-02
-1.102376207617146608e+00,-1.086909767209257804e+00,-1.063705082996751816e+00,-1.032232233325296455e+00,-9.921218836495135918e-01,-9.432103381355554372e-01,-8.855779363415299255e-01,-8.195753474527363025e-01,-7.458328307746771024e-01,-6.652490705710569774e-01,-5.789586344077655156e-01,-4.882800470691945893e-01,-3.946493133669688458e-01,-2.995458231243013358e-01,-2.044184561565089986e-01,-1.106192178157698880e-01,-1.935007574886182802e-02,6.837369761338885077e-02,1.517428785808719871e-01,2.301576964871113740e-01
5.598503745085472438e-01,5.160667438373502947e-01,4.747067255953442144e-01,4.420568913158411384e-01,4.251830970749916894e-01,4.291179690938816682e-01,4.540777564510317665e-01,4.951100750667229988e-01,5.446123855693583149e-01,5.955341453039095789e-01,6.431433777669197660e-01,6.851246256539562651e-01,7.208717118332919060e-01,7.507189551447738252e-01,7.753991122005537973e-01,7.957374476563336962e-01,8.125071870947544461e-01,8.263757803882900710e-01,8.378957833719633541e-01,8.475147112123510018e-01
-5.003547768515947958e-01,-4.748844154834814812e-01,-4.401326546222328329e-01,-3.958633299436622455e-01,-3.422422676897305394e-01,-2.798846633893801172e-01,-2.098576622872112551e-01,-1.336307106148459933e-01,-5.297638907924318019e-02,3.016485432897297869e-02,1.138348853985294840e-01,1.961995449178115525e-01,2.756620968396769067e-01,3.509367408211629957e-01,4.210796953164552825e-01,4.854830686188106315e-01,5.438413471844121272e-01,5.961016621085668543e-01,6.424078455921067299e-01,6.830458137000166019e-01
-1.873661777569938014e+00,-1.999167847688314570e+00,-2.121603910981261887e+00,-2.236124751150070811e+00,-2.336598099274255880e+00,-2.415757166670433165e+00,-2.465665809658772023e+00,-2.478562585239501015e+00,-2.448043404463434936e+00,-2.370377311620968985e+00,-2.245592344415139774e+00,-2.077928745194927096e+00,-1.875414987813296186e+00,-1.648637303050170200e+00,-1.409078560018701243e+00,-1.167522627604487440e+00,-9.329103193189665078e-01,-7.117950809228108522e-01,-5.083278192064726309e-01,-3.245865055304510971e-01
2.570186512165698600e-01,2.709762655497730544e-01,2.821790671248003424e-01,2.898587241100720746e-01,2.931303849016725360e-01,2.909984129932643437e-01,2.823749030670947846e-01,2.661156492057877854e-01,2.410779525366102405e-01,2.062030303770602258e-01,1.606222664431784519e-01,1.037808829901204488e-01,3.556533413017792800e-02,-4.358652672792917571e-02,-1.326178605251926435e-01,-2.298515871316384462e-01,-3.330696305094023035e-01,-4.396702733462909407e-01,-5.468822766356815634e-01,-6.519997950626641448e-01
-4.280702299774214126e+00,-4.221165571897367741e+00,-4.121520005654562446e+00,-3.979894649292897491e+00,-3.796564265015994977e+00,-3.574248735579987013e+00,-3.318103668515757221e+00,-3.035359602896520848e+00,-2.734654680700280061e+00,-2.425186552313476795e+00,-2.115850992307994893e+00,-1.814522437554282774e+00,-1.527575813016406769e+00,-1.259676730669120115e+00,-1.013805954372128504e+00,-7.914493583274686550e-01,-5.928773576733210593e-01,-4.174495173696290973e-01,-2.639000426498949725e-01,-1.305798569597775849e-01
-3.554313389714973681e+00,-3.546857087829864419e+00,-3.524268448553664612e+00,-3.484904529311390498e+00,-3.427344548356070497e+00,-3.350508451357814721e+00,-3.253776738984510253e+00,-3.137098355031436192e+00,-3.001071497463006388e+00,-2.846982709823492552e+00,-2.676793160566627527e+00,-2.493067502638787847e+00,-2.298849082787393083e+00,-2.097493738400553642e+00,-1.892480935535520992e+00,-1.687223966421837584e+00,-1.484899740432316317e+00,-1.288313940511406130e+00,-1.099810436064627694e+00,-9.212266207962394038e-01
-1.770566120045522052e+00,-1.867153143893535372e+00,-1.929044003691353204e+00,-1.948514783609741841e+00,-1.921075398591410188e+00,-1.846671928476713909e+00,-1.729918819625190896e+00,-1.579217492696313840e+00,-1.405087460392556054e+00,-1.218315664917032581e+00,-1.028476001688912067e+00,-8.430899193139538284e-01,-6.674048657595441636e-01,-5.046002761314780649e-01,-3.562028869503615081e-01,-2.225455098896882422e-01,-1.031749939489081669e-01,2.827515190293894420e-03,9.661624544262525927e-02,1.794266206095260774e-01
5.043176663887305455e-01,5.089962511729395622e-01,5.194333268827467931e-01,5.353541478309563617e-01,5.559792551129527638e-01,5.801470295569381985e-01,6.065093311230487227e-01,6.337375396892913626e-01,6.606833621886148977e-01,6.864672553366619745e-01,7.104974262592144152e-01,7.324402795769020535e-01,7.521668145008238993e-01,7.696941947517197402e-01,7.851338075988200105e-01,7.986504422013263049e-01,8.104329798278014918e-01,8.206749261045321875e-01,8.295624814283190096e-01,8.372679597675867225e-01
-8.542755423479591048e-01,-9.342740702774527950e-01,-1.006621114254279359e+00,-1.068571208609191636e+00,-1.117484806682411236e+00,-1.151074025703274550e+00,-1.167647921018799106e+00,-1.166312427630040727e+00,-1.147083188421080813e+00,-1.110885801201462186e+00,-1.059443175755709454e+00,-9.950750141710704710e-01,-9.204511303951647960e-01,-8.383437993951781131e-01,-7.514157560531937730e-01,-6.620651725654289610e-01,-5.723331172740255823e-01,-4.838670079245876998e-01,-3.979270340242357928e-01,-3.154208524018251580e-01
-2.468050421148571871e+00,-2.502208335542612350e+00,-2.520808975339245528e+00,-2.521663874807361427e+00,-2.503005529082070968e+00,-2.463682967655082212e+00,-2.403326679784449471e+00,-2.322452180418287160e+00,-2.222478141110032723e+00,-2.105648983188090018e+00,-1.974869882070146243e+00,-1.833479040562747908e+00,-1.684992771099626641e+00,-1.532860596376131035e+00,-1.380260753795009787e+00,-1.229954378509444446e+00,-1.084203440199992929e+00,-9.447466829237358699e-01,-8.128211456370550980e-01,-6.892144156384756304e-01
-3.346688374591827220e+00,-3.310103391902800674e+00,-3.246601320971130633e+00,-3.153601996714936462e+00,-3.029453783327704208e+00,-2.873780695736687818e+00,-2.687755292709728128e+00,-2.474228395379725942e+00,-2.237662313430089700e+00,-1.983850490594328164e+00,-1.719454712368123417e+00,-1.451435261185731740e+00,-1.186473350086962419e+00,-9.304805059977960813e-01,-6.882600541448335996e-01,-4.633444691661616766e-01,-2.579940598996588452e-01,-7.331742207784319731e-02,9.053491674796554367e-02,2.341483865369113904e-01
-1.224638367396999605e-01,-1.325490551969901176e-01,-1.417237535692321693e-01,-1.496707003229369448e-01,-1.560419082143182923e-01,-1.604713534725088486e-01,-1.625938493827145948e-01,-1.620698334462049583e-01,-1.586145739191338055e-01,-1.520288398290225995e-01,-1.422267802230718914e-01,-1.292561195228272286e-01,-1.133062415867427397e-01,-9.470146401944612435e-02,-7.387949743469923725e-02,-5.135801329196731935e-02,-2.769451527435995430e-02,-3.445646724532513971e-03,2.086850393360584199e-02,4.479126005893019347e-02
-1.296446493280049239e+00,-1.338320123736765233e+00,-1.359323137526521563e+00,-1.356983693418400527e+00,-1.330128971980454988e+00,-1.279128166831025926e+00,-1.205905296965481543e+00,-1.113708352084636921e+00,-1.006690026432779828e+00,-8.894026126317933212e-01,-7.663176461957335039e-01,-6.414528487217379116e-01,-5.181435515117012169e-01,-3.989538087674107114e-01,-2.856961215649964636e-01,-1.795198360836458562e-01,-8.103192400690728547e-02,9.576582220931273426e-03,9.241483113161752527e-02,1.677948973159224533e-01
-1.211113717242059629e+00,-1.345744365558792399e+00,-1.486586477622092506e+00,-1.630444731080325838e+00,-1.772688550780002981e+00,-1.907198270486145208e+00,-2.026598379254169302e+00,-2.122884312378984006e+00,-2.188452610941328924e+00,-2.217374515299081139e+00,-2.206577538406325534e+00,-2.156535925689424538e+00,-2.071203316573923203e+00,-1.957206831555886151e+00,-1.822598810331553132e+00,-1.675574027316052206e+00,-1.523476421433467287e+00,-1.372233676134324565e+00,-1.226189087395198829e+00,-1.088210682712694499e+00
-1.722278383171779392e+00,-1.817765228801090593e+00,-1.887069220259151248e+00,-1.917741046273565786e+00,-1.897584189712596014e+00,-1.817611335188075827e+00,-1.675301960702088255e+00,-1.476682043099383002e+00,-1.235845599987001719e+00,-9.717731861879022048e-01,-7.038592491602042589e-01,-4.481269652731119102e-01,-2.153406378751305805e-01,-1.099709883336630334e-02,1.635602448802269127e-01,3.097089205465797246e-01,4.302936222049085213e-01,5.287298848629816694e-01,6.084525579659618710e-01,6.726237865131279303e-01
-2.072542461649684142e+00,-2.044789566899837929e+00,-2.006049236044484818e+00,-1.955283682059068440e+00,-1.891640596838849220e+00,-1.814545461651383640e+00,-1.723795703230460052e+00,-1.619645545748678028e+00,-1.502868148537267246e+00,-1.374781505869221210e+00,-1.237227464949638200e+00,-1.092499235566767091e+00,-9.432210342297400185e-01,-7.921921601807049296e-01,-6.422145196958986002e-01,-4.959254689945657990e-01,-3.556560662683154739e-01,-2.233290958345708344e-01,-1.004033612531762820e-01,1.213708634331389646e-02
3.897685200314521259e-01,4.065087048205660025e-01,4.249439807376607092e-01,4.448854878184852479e-01,4.660084744222080522e-01,4.878445303017269197e-01,5.097937917447270539e-01,5.311617126798944266e-01,5.512193075521896191e-01,5.692783515921477910e-01,5.847668071136926660e-01,5.972879533237540617e-01,6.066507745264142493e-01,6.128675548496085312e-01,6.161236031143526581e-01,6.167299700881317959e-01,6.150713690488526231e-01,6.115590767590931565e-01,6.065944226285786556e-01,6.005444858609851888e-01
-1.932432958758793617e+00,-1.950080855800037316e+00,-1.955726946115759812e+00,-1.947915362232604863e+00,-1.925478475363891828e+00,-1.887657766231570111e+00,-1.834207810183287268e+00,-1.765466140695571173e+00,-1.682374527233614803e+00,-1.586443826344747787e+00,-1.479663835977655939e+00,-1.364369205989995226e+00,-1.243079820003594627e+00,-1.118337236486521835e+00,-9.925572328873857320e-01,-8.679131899641003844e-01,-7.462578806053090652e-01,-6.290842128779794429e-01,-5.175200994328792437e-01,-4.123495271582242605e-01
-7.317179160224285273e-01,-7.974066122418852487e-01,-8.580596513625506905e-01,-9.112787647252509338e-01,-9.545199147123879513e-01,-9.852847250188425665e-01,-1.001363056807163421e+00,-1.001095092959252142e+00,-9.836054873271888876e-01,-9.489573375660760313e-01,-8.981855010014652141e-01,-8.331958549874811659e-01,-7.565504640819484816e-01,-6.711854558360406120e-01,-5.801190330864134381e-01,-4.861997516026521637e-01,-3.919259262842564873e-01,-2.993449573816109321e-01,-2.100239280001183761e-01,-1.250732742947571197e-01
5.912100025696875871e-02,2.625074620698519823e-02,-3.468183935619206792e-03,-2.866280033223356227e-02,-4.790203208966281601e-02,-5.982122391343214218e-02,-6.327462179309750745e-02,-5.749225376269317955e-02,-4.220847339669453469e-02,-1.772935612891668455e-02,1.508204865081053114e-02,5.490272508827620523e-02,1.001071522244806333e-01,1.489494552992274290e-01,1.997333001629822968e-01,2.509425721308143897e-01,3.013210009396335431e-01,3.499027159194875169e-01,3.960044375575777487e-01,4.391930639515919665e-01
-2.657033513434134520e+00,-2.883296887180273771e+00,-3.117531128726859002e+00,-3.344536202596456675e+00,-3.538153564542917628e+00,-3.659253585313778423e+00,-3.659116447788897553e+00,-3.493048105348143473e+00,-3.143495389865115897e+00,-2.638947053227258088e+00,-2.049273102233863941e+00,-1.456373212155479990e+00,-9.230303734987290731e-01,-4.803164407106399469e-01,-1.328830486726357840e-01,1.294864125172926483e-01,3.223592685042365735e-01,4.612653879982350213e-01,5.594683477784070380e-01,6.274692162114750005e-01
-8.755499641756034901e-01,-7.383010233191953375e-01,-5.772967693221371377e-01,-4.018550613873634880e-01,-2.224541670170259167e-01,-4.881321612386080311e-02,1.115439945612126671e-01,2.538995808449948655e-01,3.761973221765653186e-01,4.784516897103974209e-01,5.620310078787784658e-01,6.290240710595492724e-01,6.817750527105778113e-01,7.225884326622615816e-01,7.535684237333096780e-01,7.765502086963511630e-01,7.930869655212320346e-01,8.044669584569705822e-01,8.117442316007845715e-01,8.157732788035563232e-01
-2.880367244946451244e-01,-3.300839533765607126e-01,-3.697930998721921103e-01,-4.058565663407252000e-01,-4.368353727214744353e-01,-4.612396155105866757e-01,-4.776413179231642214e-01,-4.848107342599745628e-01,-4.818580315219986865e-01,-4.683553323473477192e-01,-4.444129762693735941e-01,-4.106907057601605349e-01,-3.683382963637145124e-01,-3.188765339632311235e-01,-2.640425151200653797e-01,-2.056285984067756090e-01,-1.453411045907728738e-01,-8.469565515092969399e-02,-2.495505165720168783e-02,3.289354669522615016e-02
-8.230783742413261272e-01,-8.756084671042809742e-01,-9.225977651414150049e-01,-9.618197904366581064e-01,-9.909709879356976003e-01,-1.007869713919049559e+00,-1.010697784705861579e+00,-9.982479375724202519e-01,-9.701266375656103502e-01,-9.268613377189469649e-01,-8.698789611543049638e-01,-8.013541262085308592e-01,-7.239596776474983564e-01,-6.405747031293622662e-01,-5.540084970964915811e-01,-4.667845562851615782e-01,-3.810054451190971747e-01,-2.982972436001942729e-01,-2.198176446907087467e-01,-1.463060111089469206e-01
