-6.273117022210685789e-01,-6.841227948771362311e-01,-7.347765737409583942e-01,-7.764830167856495713e-01,-8.063230500381517452e-01,-8.215377506398544583e-01,-8.198875820483775279e-01,-8.000182923480279040e-01,-7.617447247495958695e-01,-7.061667763590153690e-01,-6.355709320186604394e-01,-5.531341085885064235e-01,-4.625057033403747742e-01,-3.673716114159182311e-01,-2.710918387477547764e-01,-1.764638548761725545e-01,-8.561933782138630988e-02,-2.993408297968791487e-05,7.941600624689348908e-02,1.523025310757222250e-01
-1.665324507915722840e+00,-1.658012588761656136e+00,-1.644042663567343077e+00,-1.622580365567825478e+00,-1.592818278563668422e+00,-1.554019335019312997e+00,-1.505568257467241988e+00,-1.447028555680740070e+00,-1.378200850749891959e+00,-1.299176604248546862e+00,-1.210380109042793695e+00,-1.112591334198061777e+00,-1.006943317048497377e+00,-8.948904083646007646e-01,-7.781475412966201155e-01,-6.586051137073349881e-01,-5.382280570338324743e-01,-4.189502282207084871e-01,-3.025757618411071270e-01,-1.906973836034588921e-01
1.058031873729586847e-01,7.714986557583636273e-02,5.174086350483853014e-02,3.092020769143766223e-02,1.612019918465490420e-02,8.746351019209508415e-03,1.002486230695298630e-02,2.083171375230197242e-02,4.153591996013272780e-02,7.189596217344806917e-02,1.110419705716430006e-01,1.575560217548913622e-01,2.096356773402506812e-01,2.653031128170582065e-01,3.226134598983202428e-01,3.798233608646472970e-01,4.354984683208715790e-01,4.885577929748685655e-01,5.382665630074230378e-01,5.841952576319641155e-01
-4.957795830381324098e-01,-4.897441716177424187e-01,-4.827046870946465340e-01,-4.746655152098246955e-01,-4.656363639773377638e-01,-4.556322798732810320e-01,-4.446735940638244511e-01,-4.327857982268212833e-01,-4.199993512424693431e-01,-4.063494197411046116e-01,-3.918755571328440546e-01,-3.766213272396989886e-01,-3.606338799478387980e-01,-3.439634873472807719e-01,-3.266630495927100863e-01,-3.087875801803157128e-01,-2.903936804848248343e-01,-2.715390132461905637e-01,-2.522817842579112568e-01,-2.326802408217159002e-01
-1.091699752817473446e+00,-1.031193292141583839e+00,-9.604244802726595864e-01,-8.798190681913902189e-01,-7.902116678327557597e-01,-6.928399118922845545e-01,-5.892999730932744207e-01,-4.814648450478054009e-01,-3.713734098366945346e-01,-2.611037654691807930e-01,-1.526470101948462776e-01,-4.779694406615009328e-02,5.193268968047992651e-02,1.453574779358294267e-01,2.316380761294902779e-01,3.102670986164146605e-01,3.810346720262627329e-01,4.439810067902448809e-01,4.993436333892289358e-01,5.475053249662662491e-01
2.593894237844216466e-01,2.371977568056428121e-01,2.160774135072823787e-01,1.968812969984820027e-01,1.805663297485478047e-01,1.681215700397289403e-01,1.604651367633324055e-01,1.583228619401007009e-01,1.621126948377553667e-01,1.718643353129013507e-01,1.871984449222907632e-01,2.073739523241342475e-01,2.313916321253074448e-01,2.581265951852239615e-01,2.864580873337231326e-01,3.153720228511616153e-01,3.440245966539928757e-01,3.717676661813296146e-01,3.981443984994499363e-01,4.228663017873890428e-01
-1.007800424464780242e+00,-1.067250543239033345e+00,-1.118642037210696660e+00,-1.159379949193243942e+00,-1.186843398931018978e+00,-1.198606183259643299e+00,-1.192695662798854972e+00,-1.167852720124252119e+00,-1.123743177757251743e+00,-1.061070949445690026e+00,-9.815592522622593741e-01,-8.877955402106245675e-01,-7.829686875453207850e-01,-6.705511261041252613e-01,-5.539857805440862037e-01,-4.364273029120788738e-01,-3.205658887083122632e-01,-2.085390513080884745e-01,-1.019192901100598458e-01,-1.756532428170531901e-03
-8.075710206607307207e-01,-8.269408921004071100e-01,-8.398955430143257850e-01,-8.451052055090610970e-01,-8.412917065157958785e-01,-8.273381420614933646e-01,-8.024124653252608930e-01,-7.660889484622612766e-01,-7.184463720716818269e-01,-6.601210420299779003e-01,-5.922981602571468773e-01,-5.166364105245302429e-01,-4.351349511642599310e-01,-3.499646802622564667e-01,-2.632923391574244487e-01,-1.771248318585170178e-01,-9.319330114047152946e-02,-1.288547437948084351e-02,6.277560856601027695e-02,1.331155505742231959e-01
-5.632645359292358656e-01,-5.653988478529774486e-01,-5.456837497145359261e-01,-5.009854674106217765e-01,-4.304248775150643080e-01,-3.360889670976634491e-01,-2.230231887559133153e-01,-9.837491277251531052e-02,3.002585053016537664e-02,1.550978744610354010e-01,2.714743255626904661e-01,3.758319416606020757e-01,4.667058927422488290e-01,5.440374083431402941e-01,6.086724967658529994e-01,6.619380753314780819e-01,7.053381660246949014e-01,7.403631617448125368e-01,7.683856600295082551e-01,7.906145018536435698e-01
-4.130251241443614774e+00,-4.080535319048586906e+00,-4.023539575498441323e+00,-3.958520742270392745e+00,-3.884703260566039873e+00,-3.801292902663851336e+00,-3.707496113819423122e+00,-3.602546176333363270e+00,-3.485737187606435583e+00,-3.356466543009712922e+00,-3.214286050291886632e+00,-3.058960908548996827e+00,-2.890534522839408371e+00,-2.709395516997030740e+00,-2.516341472926586054e+00,-2.312632119500346306e+00,-2.100023319081171014e+00,-1.880772767189085926e+00,-1.657609353371940486e+00,-1.433660991752679248e+00
-2.498142311582178809e-01,-3.501828803820081770e-01,-4.599579198110710365e-01,-5.794018063937300678e-01,-7.086912578623827397e-01,-8.478995359648622276e-01,-9.969786835461222907e-01,-1.155742540935569274e+00,-1.323851526019254710e+00,-1.500800282823156362e+00,-1.685909360681572711e+00,-1.878322055711333594e+00,-2.077007408367149477e+00,-2.280770094469432685e+00,-2.488267575101288376e+00,-2.698034402878092930e+00,-2.908513055609923459e+00,-3.118090135566575327e+00,-3.325136294425601768e+00,-3.528047881223786320e+00
-3.236624129174285436e+00,-3.351640535690973088e+00,-3.464281263819535717e+00,-3.572710716109369855e+00,-3.674807688484695412e+00,-3.768187260334036282e+00,-3.850249189768263136e+00,-3.918257640224079630e+00,-3.969454498447333002e+00,-4.001204335454793259e+00,-4.011163434107257508e+00,-3.997459044625730762e+00,-3.958859496453957405e+00,-3.894912696579409861e+00,-3.806031416856908045e+00,-3.693509332951025570e+00,-3.559461417802256555e+00,-3.406694029753974284e+00,-3.238521048522750689e+00,-3.058549996852245378e+00
-1.488967983110466076e+00,-1.447334366658761251e+00,-1.401862822019459554e+00,-1.352331306284710877e+00,-1.298546528249345577e+00,-1.240359050896152393e+00,-1.177681440276028280e+00,-1.110509312653465752e+00,-1.038944735239719641e+00,-9.632208972995424112e-01,-8.837263034679845308e-01,-8.010260076821562603e-01,-7.158767188802537262e-01,-6.292321446611750524e-01,-5.422349184367949437e-01,-4.561921017268055767e-01,-3.725327124061523776e-01,-2.927479788933593507e-01,-2.183177927859509815e-01,-1.506296096577501853e-01
-1.830403954595126947e+00,-1.878628139440705169e+00,-1.917656662056940853e+00,-1.945260710636088852e+00,-1.959172994884287977e+00,-1.957229320898046687e+00,-1.937542700417958841e+00,-1.898695115574589032e+00,-1.839922985738653427e+00,-1.761266130032143717e+00,-1.663649787754959863e+00,-1.548877066266746816e+00,-1.419524435912745908e+00,-1.278751899777334167e+00,-1.130056557802323169e+00,-9.770081404752910537e-01,-8.230050771784400698e-01,-6.710808213697625479e-01,-5.237763207903594065e-01,-3.830803597804410821e-01
8.467066056130352347e-01,8.174435208016546106e-01,7.848192124282807880e-01,7.503529971674925969e-01,7.164992306759193630e-01,6.863512862850853491e-01,6.629279822752723872e-01,6.482966770492415431e-01,6.429995323195321077e-01,6.460913179160059361e-01,6.556814542200507523e-01,6.696069156524553367e-01,6.859274360292465511e-01,7.031527195653415330e-01,7.202657110963195386e-01,7.366435882331894280e-01,7.519514783216811882e-01,7.660467078854891199e-01,7.789057965611518863e-01,7.905738376100064357e-01
-1.192503488867840744e+00,-1.286093321801172973e+00,-1.386079580975132064e+00,-1.492411977811016310e+00,-1.604889491105776500e+00,-1.723127839145708773e+00,-1.846527499915816772e+00,-1.974245294267759743e+00,-2.105173410955783808e+00,-2.237930404185168864e+00,-2.370868885474124443e+00,-2.502104092968285176e+00,-2.629566036688839592e+00,-2.751075425217920145e+00,-2.864440268550355384e+00,-2.967566416791823869e+00,-3.058572083655736407e+00,-3.135894452394438758e+00,-3.198376434041362515e+00,-3.245323781065009072e+00
-7.913051619657076596e-01,-8.700179346846717010e-01,-9.478248468366896606e-01,-1.023585393158635615e+00,-1.096040950200372954e+00,-1.163852064742780357e+00,-1.225649474376346859e+00,-1.280096843640152304e+00,-1.325961061749655112e+00,-1.362183995064749187e+00,-1.387948310957417331e+00,-1.402729826682258985e+00,-1.406330010903787731e+00,-1.398884671420625114e+00,-1.380848054613271980e+00,-1.352954887962642072e+00,-1.316165620041879869e+00,-1.271601740869544805e+00,-1.220478404680840789e+00,-1.164040761230149545e+00
-3.667746090129588854e-01,-4.256326507373202617e-01,-4.919147930834051330e-01,-5.663206019919146961e-01,-6.493510105344004746e-01,-7.410995785054690366e-01,-8.409419831669913137e-01,-9.471150132738079819e-01,-1.056220526323084385e+00,-1.162779052142461467e+00,-1.259086992934350224e+00,-1.335735025719968938e+00,-1.383071657072988181e+00,-1.393490857057576360e+00,-1.363775651996003813e+00,-1.296339507785214895e+00,-1.198614086556365699e+00,-1.080883819744773433e+00,-9.536898986762381014e-01,-8.258853988541430269e-01
3.901358391464770925e-02,4.617179237432211814e-03,-2.514070261403245077e-02,-4.869650278344650474e-02,-6.453706631530109483e-02,-7.136122197806571421e-02,-6.824953241585385300e-02,-5.480816368813434813e-02,-3.125156867893119639e-02,1.600208476820852432e-03,4.241263934075478748e-02,8.949596760677513974e-02,1.409963860286869153e-01,1.950799047135036712e-01,2.500787550270885395e-01,3.045854870305471085e-01,3.574947258993601551e-01,4.080025028433130752e-01,4.555771426130158508e-01,4.999151847356925193e-01
2.805108402356003561e-01,2.242028476355394373e-01,1.671066635271603040e-01,1.104732627528329791e-01,5.571215213254587795e-02,4.302166643212812502e-03,-4.232170893704179093e-02,-8.289007065115594486e-02,-1.164094840923814989e-01,-1.422422722809109086e-01,-1.601425621296419521e-01,-1.702451644981142209e-01,-1.730138402000014342e-01,-1.691625649544472587e-01,-1.595659128239770297e-01,-1.451729264495387195e-01,-1.269344578561637515e-01,-1.057488844671452544e-01,-8.242679108960815348e-02,-5.767234533132792329e-02
-3.349147984572157455e+00,-3.395849857247178250e+00,-3.432937519996828613e+00,-3.458489273963992972e+00,-3.470503855935582749e+00,-3.466972805735214713e+00,-3.445974824239325329e+00,-3.405789815234124163e+00,-3.345026620684661722e+00,-3.262754370984135122e+00,-3.158623679615060631e+00,-3.032961671167518247e+00,-2.886825096500233556e+00,-2.721999228024721162e+00,-2.540936748705493908e+00,-2.346639412624205612e+00,-2.142494045064367469e+00,-1.932081387485234281e+00,-1.718979727185814266e+00,-1.506584519403292965e+00
-5.476141438122354987e-01,-5.772156651370383695e-01,-6.048296473885816926e-01,-6.298467073388087645e-01,-6.516133605554699226e-01,-6.694508682310160719e-01,-6.826807518257700380e-01,-6.906564712896599012e-01,-6.927997713628488707e-01,-6.886391166920582396e-01,-6.778466665543629865e-01,-6.602696401794774239e-01,-6.359519353152782717e-01,-6.051426267338664289e-01,-5.682894535767428756e-01,-5.260173683258491106e-01,-4.790942718996396010e-01,-4.283877575990830966e-01,-3.748176777434231166e-01,-3.193094700628464899e-01
-7.882631246817723980e-01,-1.146585128789462615e+00,-1.440542285858402050e+00,-1.535530562530016851e+00,-1.365689439728359211e+00,-1.012941673823062771e+00,-6.187840878897847841e-01,-2.728555493767934603e-01,-6.614933670501255136e-04,2.042076996848031234e-01,3.565538454050021233e-01,4.702455972083758873e-01,5.559987464466756846e-01,6.215551792051647872e-01,6.723858246374023739e-01,7.123471886378236473e-01,7.441759508332266293e-01,7.698354711339734369e-01,7.907523556503506246e-01,8.079770308094428310e-01
-1.247052440736935885e+00,-1.274401336119804107e+00,-1.291896679669124470e+00,-1.297087032598803980e+00,-1.287572392610732752e+00,-1.261256856999791953e+00,-1.216647087971426622e+00,-1.153149387796323033e+00,-1.071298665113672666e+00,-9.728502946146040387e-01,-8.606892022931498243e-01,-7.385564340247483539e-01,-6.106454919632202660e-01,-4.811564347222254678e-01,-3.539000601744495267e-01,-2.320185669963590325e-01,-1.178479565641223914e-01,-1.290945023163603267e-02,8.200586860918890331e-02,1.667011232505957175e-01
-4.660674744828946281e+00,-4.826219060530113403e+00,-4.990351876383721574e+00,-5.150027545782341676e+00,-5.301446072292057110e+00,-5.440003834512783243e+00,-5.560301904128310824e+00,-5.656242513538944472e+00,-5.721245232625484789e+00,-5.748607261240267441e+00,-5.732013152079912466e+00,-5.666166788537521093e+00,-5.547476337034445315e+00,-5.374682237676432273e+00,-5.149296106684785990e+00,-4.875731250429399921e+00,-4.561059527756794019e+00,-4.214412876057109791e+00,-3.846133127111896144e+00,-3.466829300447165529e+00
-7.509154195523954911e-01,-7.311463219291378657e-01,-6.912053305310066342e-01,-6.294046965537358762e-01,-5.456161170091395896e-01,-4.416284741094873567e-01,-3.211613620459907725e-01,-1.894619983527312534e-01,-5.256491522466655297e-02,8.357514754040507032e-02,2.138329598045577429e-01,3.343763862840714030e-01,4.428030068256734175e-01,5.380158346181849183e-01,6.199511565249783418e-01,6.892638874071748134e-01,7.470408496352862748e-01,7.945750371097825004e-01,8.332068809306680812e-01,8.642239099266961766e-01
-9.826159064539747856e-01,-1.003059529764997126e+00,-1.017377139078118997e+00,-1.024960838916164629e+00,-1.025361664928004846e+00,-1.018325733611089134e+00,-1.003818465765847989e+00,-9.820333325287236015e-01,-9.533835119195115393e-01,-9.184771808457645736e-01,-8.780794024313907098e-01,-8.330652216770997320e-01,-7.843693414805326114e-01,-7.329375526441657129e-01,-6.796841103056638911e-01,-6.254578104080263934e-01,-5.710179815346838605e-01,-5.170202613687473470e-01,-4.640110456728261390e-01,-4.124289307185926567e-01
-4.107439983295078090e-01,-3.740800954184473337e-01,-3.280779324069487135e-01,-2.730744000450640030e-01,-2.098788345995954430e-01,-1.397538394038393417e-01,-6.433893574058191511e-02,1.447467928687684591e-02,9.469871936764162612e-02,1.744059757029139401e-01,2.518671844840055796e-01,3.256488801506677300e-01,3.946648917962491954e-01,4.581840692915131186e-01,5.158036867218768196e-01,5.674008770016181202e-01,6.130739978092681897e-01,6.530833372542477200e-01,6.877973698449102447e-01,7.176478094383220707e-01
5.609757620533986078e-01,6.028421985337737432e-01,6.319207109965898628e-01,6.517611381795568315e-01,6.649128119604112985e-01,6.732068505346593401e-01,6.779631771657071981e-01,6.801382934354753829e-01,6.804295641382115400e-01,6.793485955574221080e-01,6.772729637948093906e-01,6.744828510228342289e-01,6.711871549575518792e-01,6.675422280797443930e-01,6.636654274033865208e-01,6.596449857065047606e-01,6.555472562166557715e-01,6.514220677791078273e-01,6.473067104637493241e-01,6.432289211138706442e-01
1.106398998612617701e-01,8.086819163696190582e-02,5.008568655565592831e-02,1.851528849139927324e-02,-1.356657874408662146e-02,-4.583058122204408669e-02,-7.789846666705679823e-02,-1.093509549663735925e-01,-1.397397238103945671e-01,-1.686032377033446217e-01,-1.954856405341172110e-01,-2.199574070115757340e-01,-2.416360321928336941e-01,-2.602048346887706476e-01,-2.754280288792616549e-01,-2.871605968756376637e-01,-2.953521052582606110e-01,-3.000443504366638869e-01,-3.013634383904610914e-01,-2.995074796681371776e-01
-7.046600912058418320e-01,-6.767573406119258284e-01,-6.431344822612921064e-01,-6.032843657817301697e-01,-5.567832673447135061e-01,-5.033409635932637460e-01,-4.428568836878850057e-01,-3.754774343499802658e-01,-3.016470640324295793e-01,-2.221436054619636558e-01,-1.380878191987340298e-01,-5.091874409469898666e-02,3.766911461331279298e-02,1.258240063996112212e-01,2.116602915114228489e-01,2.933905516371514421e-01,3.694474788951379596e-01,4.385785054250266324e-01,4.999020355355718870e-01,5.529220721340177835e-01
-1.741334994588480178e+00,-1.745753528327372184e+00,-1.751081630742409967e+00,-1.757322139163195018e+00,-1.764467357558686889e+00,-1.772498650162040335e+00,-1.781386334867688159e+00,-1.791089899048000422e+00,-1.801558543983643013e+00,-1.812732046214960313e+00,-1.824541906304314232e+00,-1.836912739323697696e+00,-1.849763848293398905e+00,-1.863010912923540818e+00,-1.876567722025046070e+00,-1.890347879003882792e+00,-1.904266415553627745e+00,-1.918241258200358512e+00,-1.932194504606658203e+00,-1.946053480245071299e+00
-3.385400790636949431e+00,-3.481011047102894551e+00,-3.576013485118262558e+00,-3.669228708372175518e+00,-3.759237294675742191e+00,-3.844365888359662087e+00,-3.922684838644628691e+00,-3.992022670259207651e+00,-4.050003071339676630e+00,-4.094109681891790586e+00,-4.121782352397270088e+00,-4.130545381544465044e+00,-4.118163456133199674e+00,-4.082814990681678857e+00,-4.023266296561023303e+00,-3.939025072017968476e+00,-3.830449912472073670e+00,-3.698795345235319942e+00,-3.546179668644396266e+00,-3.375474458881970286e+00
-1.308956564500447506e+00,-1.345320266465797943e+00,-1.354616645444159495e+00,-1.334685718252690112e+00,-1.285629177780114762e+00,-1.209887083234215233e+00,-1.111860506819610794e+00,-9.971944135849071245e-01,-8.719373094175648653e-01,-7.417958933389785514e-01,-6.116230802868476424e-01,-4.851735560405876502e-01,-3.650825793490188875e-01,-2.529896446291344247e-01,-1.497306794744266423e-01,-5.554266751621006470e-02,2.975205269135272612e-02,1.065959072032754973e-01,1.755827994355256827e-01,2.373774136930983936e-01
-4.550815527417126916e-01,-4.556511457290794986e-01,-4.483654999438193567e-01,-4.325049472365711800e-01,-4.076356541172188042e-01,-3.736871896378799462e-01,-3.310011580438771972e-01,-2.803382367428954858e-01,-2.228378262827639400e-01,-1.599339282676857099e-01,-9.324000628099082810e-02,-2.442150286233557566e-02,4.492436839034730234e-02,1.133657841669053479e-01,1.797014685434561443e-01,2.429922065272603904e-01,3.025628821737242902e-01,3.579825302894821260e-01,4.090307743427592513e-01,4.556581480615488067e-01
-2.423477114095558882e+00,-2.418074403017945517e+00,-2.369175438514536935e+00,-2.276560072584070671e+00,-2.143435786091234085e+00,-1.976082147002018896e+00,-1.782931706602546740e+00,-1.573350445583209023e+00,-1.356445646954516970e+00,-1.140158966565675502e+00,-9.307582583848141855e-01,-7.327045886455656465e-01,-5.487904467981548073e-01,-3.804264572243236664e-01,-2.279751950103787728e-01,-9.106638770088903989e-02,3.113925078672119540e-02,1.397470181759797869e-01,2.359821975690344908e-01,3.210912849744959052e-01
-2.597867396198479728e+00,-2.738338265552521023e+00,-2.886242033008773689e+00,-3.039622192188364380e+00,-3.195118616545870260e+00,-3.347436793064831662e+00,-3.488772265273264672e+00,-3.608335711697311154e+00,-3.692260334557178503e+00,-3.724316818417771735e+00,-3.687891554715104547e+00,-3.569397683910342955e+00,-3.362542574538413653e+00,-3.071901653340203708e+00,-2.713824862159085693e+00,-2.313614953083016346e+00,-1.899891496292207105e+00,-1.498592350861541966e+00,-1.128924299549184163e+00,-8.021096343494160674e-01
-1.651420016622302978e+00,-1.669520125322125903e+00,-1.680581358029998640e+00,-1.683151144227545970e+00,-1.675710735133280060e+00,-1.656744741002862842e+00,-1.624835557761832749e+00,-1.578780347970291320e+00,-1.517722955354989800e+00,-1.441287024793449056e+00,-1.349691145224910738e+00,-1.243824091629691431e+00,-1.125260226659158036e+00,-9.962028191814544797e-01,-8.593555182108083557e-01,-7.177364614896288852e-01,-5.744612732975977742e-01,-4.325268012856633426e-01,-2.946252913787072991e-01,-1.630100048854712380e-01
-3.272213984185391666e+00,-3.330279768107551774e+00,-3.384662946626733948e+00,-3.434417969597079789e+00,-3.478505551149321029e+00,-3.515801860802716838e+00,-3.545114165093234071e+00,-3.565203966884197939e+00,-3.574818385290481793e+00,-3.572729997460760920e+00,-3.557784607129336862e+00,-3.528955434626085186e+00,-3.485401112822532177e+00,-3.426523758519445906e+00,-3.352022459729989023e+00,-3.261936996823743939e+00,-3.156676704364927311e+00,-3.037030210981702893e+00,-2.904153367058703417e+00,-2.759534823610542809e+00
5.373868302008038000e-01,5.137480350556966613e-01,4.923529883792081563e-01,4.749048073840125284e-01,4.630656239929856755e-01,4.581122151484668947e-01,4.606173815511540592e-01,4.702928193646099819e-01,4.860688856513319944e-01,5.063724468297521319e-01,5.294779879966169389e-01,5.538037778386996068e-01,5.780855637616960641e-01,6.014285751409239600e-01,6.232766427554808919e-01,6.433424538023611028e-01,6.615308262957804164e-01,6.778718504199070516e-01,6.924696475349956248e-01,7.054663823375054710e-01
-1.717273017340990915e+00,-1.792750913239536281e+00,-1.865300042360230393e+00,-1.933216667600671013e+00,-1.994532639085752290e+00,-2.047050030728995385e+00,-2.088409942751980886e+00,-2.116200746605748417e+00,-2.128106193265133506e+00,-2.122086297479250039e+00,-2.096574643696402784e+00,-2.050666850958746235e+00,-1.984269450442970761e+00,-1.898179406562794824e+00,-1.794073488957368401e+00,-1.674402479074918126e+00,-1.542203706944255348e+00,-1.400861112555101151e+00,-1.253850207663513849e+00,-1.104504112102706603e+00
